0.03007690429687515,
 -0.02790502929687501,
 0.002093505859375011,
 -0.01639062500000002,
 -0.05679711914062496,
 0.006302734374999952,
 -0.013569824218749998,
 0.01042163085937503,
 0.013316894531249956,
 -0.05209204101562501,
 -0.018833007812500004,
 -0.038685302734374996,
 -0.0064399414062500104,
 0.016067138671875036,
 0.023711425781250073,
 -0.007508544921874971,
 -0.018384277343750005,
 -0.020939453124999993,
 -0.04729711914062501,
 0.013447509765625032,
 0.020836181640625062,
 0.025355957031250043,
 -0.01858007812500001,
 0.015178222656250018,
 0.028457275390624925,
 -0.007386474609375027,
 -0.003912597656249961,
 0.02653027343749992,
 0.005304931640624955,
 -0.03259594726562498,
 0.043408935546875194,
 -0.020821777343750014,
 -0.028229003906249994,
 0.01045922851562503,
 -0.00024804687499996314,
 0.001984863281250082,
 -0.013004638671875002,
 0.042312744140625025,
 0.0051345214843749876,
 -0.02161474609374997,
 0.030901611328124967,
 0.013463378906250045,
 -0.020525146484375006,
 0.036809814453125034,
 0.013601318359375003,
 0.03733251953125005,
 -0.010715576171875005,
 -0.019729736328125004,
 0.010329833984375147,
 -0.032757080078125,
 -0.0383388671875,
 -0.03396826171875001,
 -0.015480468750000004,
 -0.0003872070312500031,
 -0.024994140624999998,
 -0.015963867187500036,
 -0.05939965820312493,
 0.021171630859375012,
 0.012259033203125047,
 -0.034982421875,
 0.01967041015625004,
 0.04784204101562495,
 0.01446215820312502,
 0.03952075195312488,
 0.026100585937500087,
 -0.013261962890625005,
 0.015202636718750051,
 -0.016911376953124987,
 -0.00017797851562506573,
 -0.0019467773437499836,
 -0.026777343749999995,
 0.012813964843749914,
 0.0379704589843749,
 0.004987060546875033,
 0.01668017578125003,
 -0.03726367187499999,
 0.01992285156250001,
 -0.052226074218749974,
 -0.004015380859375001,
 -0.02284277343749999,
 0.003206054687500015,
 0.005666015624999993,
 -0.010339111328124984,
 -0.012955322265625013,
 0.029011230468749982,
 0.05055444335937498,
 -0.026495117187500004,
 -0.019301757812499987,
 0.00812109374999992,
 -0.012074218749999976,
 0.04947656249999988,
 -0.023106445312499946,
 0.014729736328124965,
 0.011065673828124956,
 -0.03312255859375,
 0.05767822265624989,
 0.012244628906249999,
 0.020760742187500014,
 0.004182128906250027,
 0.00924999999999998,
 0.0068937988281250195,
 -0.023078857421874988,
 -0.033234375,
 -0.0004958496093750986,
 -0.042179443359375,
 0.00815478515625001,
 0.05000366210937501,
 -0.00654077148437493,
 0.054427490234374876,
 0.036717285156249946,
 0.015273681640624981,
 -0.029783935546875,
 -0.04346679687499999,
 0.01003710937500002,
 -0.010655029296875007,
 0.009787109375000047,
 -0.010141357421875052,
 0.031376708984374946,
 0.020314941406249953,
 -0.023452636718749996,
 -0.033698974609375015,
 -0.009254150390625007,
 -0.0004367675781249969,
 0.05651440429687482,
 -0.004172607421874919,
 0.020744628906250062,
 -0.06390356445312506,
 -0.016705810546874922,
 0.0008876953124999365,
 -0.004134765625000036,
 -0.016378417968749948,
 0.047195800781249964,
 -0.008553466796874992,
 -0.005607177734374996,
 0.011665527343749982,
 0.003145996093750103,
 0.018921630859375038,
 -0.03269165039062499,
 -0.060685302734375016,
 -0.03545141601562499,
 0.00852807617187501,
 0.033290039062500054,
 -0.041825439453125,
 0.02096972656250007,
 -0.013326904296875004,
 0.020120849609375102,
 0.017643798828125057,
 -0.038571289062500014,
 -0.03674462890625,
 -0.007523193359374986,
 -0.040678955078124995,
 0.046520263671875006,
 0.03718017578124999,
 -0.003609130859375087,
 -0.06020654296875,
 -0.012832519531249975,
 0.009662841796875044,
 0.021770019531250018,
 0.01699194335937504,
 -0.010506103515625004,
 -0.006703857421875015,
 -0.010814941406250028,
 0.010761474609375044,
 -0.02307519531249999,
 -0.023802490234374973,
 0.056594482421874925,
 0.014698242187499988,
 0.016026855468750045,
 0.006330322265625021,
 0.002853027343749981,
 0.044353271484374845,
 -0.016195068359375002,
 -0.0010795898437499785,
 0.03070385742187498,
 0.011377929687499955,
 -0.0236005859375,
 0.01402832031250012,
 -0.017789550781249996,
 0.007337402343750021,
 0.01780126953124994,
 -0.018027587890625002,
 0.037427490234375194,
 -0.028937744140624992,
 0.022814697265625017,
 0.04713989257812501,
 0.023256103515624904,
 0.01335278320312494,
 0.00743920898437489,
 0.05265209960937478,
 -0.011338134765625008,
 0.032289062499999965,
 0.0008488769531250773,
 0.018589355468749957,
 0.03152172851562496,
 0.020967041015624965,
 0.02921166992187496,
 0.044000976562500016,
 0.040790527343749994,
 -0.03304223632812503,
 -0.0019904785156249494,
 -0.038566894531250034,
 -0.030065185546874998,
 -0.02207568359374995,
 -0.01069213867187499,
 -0.026276123046875016,
 -0.014855712890625039,
 -0.06294506835937502,
 0.04006909179687512,
 -0.026618652343749993,
 0.004919677734374961,
 0.032010986328125046,
 0.013950439453125019,
 -0.021125976562499996,
 -0.0051623535156249956,
 0.0005554199218749944,
 0.005443115234375018,
 -0.0033544921874999467,
 0.01933325195312502,
 -0.060917724609375,
 0.009993408203124998,
 -0.016428222656250012,
 0.020764892578125027,
 0.026028564453124958,
 0.01891357421874984,
 0.02169433593750003,
 -0.003021240234375,
 -0.049112304687500004,
 -0.015818115234374992,
 -0.029265625000000003,
 -0.047378173828125,
 -0.05109863281249999,
 -0.020000976562499995,
 0.009691650390625,
 -0.013865478515624974,
 -0.019554687499999945,
 0.050012695312499966,
 -0.007886474609374972,
 0.03803076171874997,
 0.01483325195312496,
 0.010232910156250052,
 0.027071777343750103,
 0.011772460937499951,
 0.04940380859374993,
 -0.013652343750000009,
 -0.0010861816406250169,
 -0.040135498046874996,
 0.027732421875000024,
 -0.011094726562500018,
 -0.023445312499999996,
 -0.009241455078125016,
 0.009867675781249974,
 -0.010521728515624995,
 0.03417700195312512,
 -0.030476074218749996,
 0.014348632812499873,
 -0.00873144531250003,
 0.019264160156249988,
 -0.06037500000000001,
 -0.03176123046874996,
 -0.0013413085937500069,
 -0.010097656249999976,
 0.012244140625000066,
 -0.025443603515624996,
 0.007533935546874926,
 -0.005754150390625008,
 0.012318359375000087,
 0.02423754882812501,
 0.0017983398437500242,
 -0.010171386718749897,
 0.03244653320312507,
 -0.003771484374999967,
 -0.006997314453125014,
 0.011086181640625026,
 0.010320312500000095,
 -0.010893066406249985,
 0.014642578124999972,
 -0.03601586914062502,
 -0.02537744140624998,
 0.016705566406249872,
 -0.03617626953125,
 0.012282958984374925,
 0.014966064453124983,
 0.01591625976562505,
 0.009380615234375056,
 -0.012984863281249925,
 0.020546142578125037,
 0.03962207031249998,
 -0.040867919921874996,
 0.0001760253906250009,
 -0.020895507812499985,
 0.0010283203124999973,
 -0.05836572265625001,
 0.0005695800781250204,
 -0.011853515625000033,
 0.004348632812499975,
 -0.006094238281249997,
 0.01672045898437502,
 -0.020409179687499987,
 -0.004275390625000042,
 0.012146484374999933,
 0.0013872070312499485,
 0.03089770507812495,
 -0.035400390625,
 0.033333984375000014,
 0.0051848144531250195,
 -0.011518310546875007,
 0.023153564453124997,
 0.02410546875000008,
 -0.015245849609374917,
 0.046733642578124956,
 -0.004576416015625001,
 0.001828369140625008,
 -0.0015349121093750084,
 -0.016431396484374944,
 0.006126953124999945,
 -0.005570800781249996,
 0.05489453124999977,
 -0.041685302734375,
 0.03449731445312498,
 0.014935302734375044,
 0.0037062988281250098,
 -0.04632128906249999,
 -0.007272216796874981,
 -0.034229248046874994,
 0.013263916015625044,
 0.01839184570312502,
 0.005502685546874969,
 -0.023594238281250013,
 -0.0018056640624999343,
 0.0032102050781249725,
 -0.02531152343750001,
 -0.01964306640625002,
 -0.014555419921875007,
 0.045954589843750115,
 -0.008598144531249963,
 0.01081323242187493,
 -0.05325195312500003,
 -0.00016674804687499822,
 0.003866943359374986,
 0.005732421874999949,
 0.013780761718749979,
 -0.038280761718750056,
 -0.009398437500000023,
 -0.0037626953125000084,
 -0.013664550781250007,
 -0.02845068359374999,
 -0.003652099609374959,
 0.01636035156249993,
 -0.04534765624999998,
 0.01827465820312496,
 -0.001675537109374986,
 0.01985131835937498,
 -0.008045898437499976,
 -0.019976074218749973,
 -0.0294453125,
 -0.014124511718749982,
 -0.021580810546874996,
 0.001229003906249998,
 0.01785327148437499,
 -0.028946289062499964,
 0.031980224609374996,
 0.04040405273437486,
 -0.03724389648437498,
 -0.026389160156250008,
 0.017739257812500075,
 0.005762207031250022,
 -0.03597705078124999,
 -0.01567968750000001,
 0.023791015625000078,
 -0.00278222656249999,
 0.027190185546875023,
 0.03683740234374999,
 0.03132202148437502,
 0.054584228515625055,
 0.0004589843749999156,
 0.02410229492187499,
 0.018983398437500076,
 0.008540039062500004,
 0.009919677734374965,
 -0.017085449218749993,
 -0.009463867187499975,
 -0.003251464843749996,
 -0.01681127929687501,
 -0.030207519531250004,
 0.02845239257812493,
 0.009559814453125037,
 0.0020915527343750018,
 0.04941503906250011,
 -0.048786376953125016,
 -0.01007885742187492,
 -0.033420166015625,
 -0.007515624999999991,
 0.018291503906250006,
 -0.016244384765624995,
 0.021776611328124917,
 -0.029277587890624998,
 0.027398925781250028,
 -0.037771484375,
 0.04434472656249988,
 0.06409497070312498,
 -0.02292309570312498,
 -0.031152343750000006,
 0.006157470703125001,
 0.047443603515625044,
 -0.022805664062500036,
 0.029355712890625052,
 0.016623535156249925,
 0.015506591796874969,
 0.028443603515624916,
 0.04803588867187503,
 -0.02665551757812501,
 0.04261645507812506,
 0.00035107421875002487,
 -0.0320234375,
 0.03132397460937497,
 -0.008486572265624936,
 0.04287280273437488,
 -0.04055004882812499,
 0.02745190429687494,
 -0.017310791015624993,
 0.006330078124999972,
 -0.0013229980468750235,
 0.01060961914062497,
 -0.013922119140624994,
 -0.007722167968749916,
 0.03335986328125007,
 0.0011560058593750033,
 -0.018135009765625015,
 -0.05731933593749999,
 -0.035773681640624985,
 -0.05549072265624999,
 0.02186767578125004,
 -0.0063974609374999325,
 -0.04491796874999998,
 0.006952392578125022,
 0.044245605468750004,
 0.010734619140625012,
 0.00812451171875006,
 -0.004051025390624963,
 -0.0012885742187500049,
 0.013171874999999944,
 -0.025278076171875025,
 0.008759033203124988,
 0.020258056640624966,
 0.04300927734374993,
 -0.03325537109375001,
 -0.06078271484375003,
 0.0008891601562500129,
 0.04417797851562488,
 0.009961669921874972,
 -0.00057128906249998,
 0.015444335937500053,
 0.017054931640624993,
 0.00687500000000002,
 -0.0005075683593750435,
 0.020627441406250058,
 -0.026407714843750006,
 -0.017339599609375006,
 0.03876025390625015,
 -0.05064501953125,
 -0.013838623046874998,
 0.011220458984375015,
 0.041532958984374924,
 -0.015627685546875006,
 -0.01582910156250003,
 -0.001726562499999973,
 0.02174902343749996,
 0.043193847656250006,
 0.014127197265624947,
 -0.010833740234374993,
 -0.004936523437500062,
 -0.029222412109374984,
 0.03938037109375003,
 -0.011344970703125005,
 0.025416748046875104,
 0.005771484375000024,
 -0.038024169921874997,
 -0.0389462890625,
 0.036362060546875075,
 -0.000995849609374988,
 0.026165039062500006,
 -0.03265429687499999,
 -0.0010693359375000058,
 0.006164550781250111,
 0.0009897460937500213,
 -0.044741699218749986,
 -0.02013793945312499,
 0.006504882812499974,
 0.015210937499999966,
 -0.006124999999999936,
 -0.04206225585937495,
 -0.015757812499999968,
 -0.022275146484374952,
 -0.02667822265625,
 -0.04209228515625002,
 0.006279296875000007,
 0.028521972656249783,
 0.0006787109375000072,
 0.05677221679687494,
 0.030152343749999977,
 0.010218994140624993,
 -0.00015332031249998268,
 0.003618896484374967,
 -0.05691137695312498,
 0.01312231445312495,
 -0.019784667968749975,
 -0.020272216796874992,
 0.01832421875000001,
 -0.027699218750000018,
 -0.03041992187499999,
 -0.015202636718749996,
 -0.016478027343750007,
 0.022631347656249967,
 0.027516357421875026,
 0.00215332031250004,
 0.050999999999999934,
 0.005591064453125072,
 -0.0043452148437500004,
 0.027493652343750008,
 -0.009626220703125021,
 0.009680419921874961,
 0.014854980468750056,
 0.0024519042968750293,
 0.03373022460937497,
 0.01439916992187501,
 -0.0106259765625,
 -0.015060791015624964,
 0.055031005859374815,
 0.03255834960937509,
 -0.00466406250000001,
 0.06360546875000006,
 0.0011237792968749605,
 -0.031962646484374996,
 -0.013613037109374976,
 0.032234619140624976,
 -0.01910986328125,
 -0.02435937499999999,
 0.022765380859375073,
 -0.011376953124999992,
 -0.012790527343749969,
 0.011774414062500016,
 0.03931689453124998,
 0.010305419921875059,
 0.023739013671874976,
 0.030989746093749937,
 0.02953808593750007,
 -0.018236083984374957,
 0.006085937500000027,
 -0.033741699218750004,
 -0.0035881347656249174,
 0.01147802734375003,
 0.04009570312499999,
 -0.011499511718749994,
 0.0070073242187499996,
 -0.05798291015625001,
 -0.0383994140625,
 -0.0034819335937500417,
 -0.021221435546875,
 0.035255859374999976,
 -0.030199462890625,
 0.01071533203125008,
 0.02684570312500001,
 0.02775390624999985,
 0.010205566406249922,
 0.06473559570312504,
 -0.029958496093749995,
 0.005323974609375004,
 -0.041249267578125,
 -0.028156494140624988,
 -0.054687988281250016,
 -0.028291015625000027,
 5.9082031250046185e-05,
 -0.027338134765624994,
 -0.019039306640624976,
 0.014401367187499958,
 -0.07202490234374997,
 0.0037321777343750084,
 0.03332910156250002,
 -0.017945068359374983,
 0.04234130859374985,
 0.008027832031249904,
 -0.03341601562499999,
 -0.0074567871093750016,
 -0.014729248046874976,
 0.003750488281249992,
 -0.04560937500000001,
 0.014557373046874988,
 0.035247802734375,
 -0.0004890136718749272,
 0.013641357421874889,
 0.0019174804687499825,
 0.001384033203124968,
 -0.0677607421875,
 -0.004470947265624969,
 -0.011939453124999999,
 0.04536987304687501,
 -0.03322387695312501,
 -0.023849853515625002,
 0.024275878906250048,
 -0.017188720703124938,
 0.03421337890625009,
 0.0019406738281250169,
 -0.05992065429687499,
 0.055940917968750004,
 -0.008329589843749999,
 -0.02430737304687501,
 0.0016455078124999467,
 0.04501098632812506,
 -0.045260742187499925,
 0.018906982421874996,
 0.01046948242187501,
 0.007755126953125024,
 0.046018798828124874,
 -0.03727636718749999,
 8.593749999996625e-05,
 -0.04279833984374998,
 0.028143066406249972,
 0.007812988281250044,
 0.01546240234374996,
 0.032702636718749956,
 0.014009521484375176,
 0.028861083984374925,
 -0.0009018554687499902,
 -0.017855712890625,
 -0.0286064453125,
 0.020813964843749977,
 -0.008929443359375011,
 0.002335449218750063,
 0.021845947265624943,
 0.0007326660156250497,
 -0.05290478515624997,
 0.021248046874999926,
 0.016409423828124936,
 0.0268183593750001,
 0.034927246093749864,
 -0.016902343749999937,
 0.051125732421875014,
 0.007559326171875103,
 0.00612402343750007,
 -0.02557006835937503,
 0.02895434570312494,
 -0.006967529296874997,
 -0.041113525390625,
 0.012233398437500043,
 0.04732958984374991,
 0.017674072265625063,
 -0.028039550781250006,
 -0.04289550781250001,
 0.020060791015625024,
 0.00595605468749999,
 0.047432861328124964,
 0.038274169921874934,
 -0.034683593750000005,
 0.013930175781249998,
 -0.018776123046874982,
 -0.0001987304687500191,
 0.026365234375000046,
 -0.023204589843749998,
 0.04352246093750001,
 0.01392944335937496,
 -0.026480712890625008,
 0.031964843750000194,
 0.006171142578124955,
 0.03814819335937503,
 -0.016625732421874956,
 0.00679174804687499,
 0.03860717773437494,
 0.0330439453125001,
 -0.033711914062500015,
 -0.031109374999999995,
 0.02232202148437501,
 0.03762207031250009,
 -0.022308593750000008,
 -0.01754101562499996,
 -0.02201586914062502,
 -0.008250732421874907,
 0.03583837890624997,
 0.010205810546874972,
 0.0021281738281250795,
 0.020994628906250146,
 -0.0038449707031249503,
 0.015021240234375122,
 0.02407470703124992,
 0.008227539062500067,
 -0.02186596679687494,
 0.012346923828124967,
 -0.016949951171874977,
 0.00012255859375009948,
 0.029800292968749975,
 -0.05320312500000007,
 -0.0026408691406250018,
 -0.04044116210937501,
 -0.012462890624999945,
 0.05486669921874987,
 0.0074924316406248526,
 0.014545166015624944,
 0.025122070312500022,
 0.03166723632812496,
 -0.030726806640625007,
 -0.003776611328125068,
 -0.0018522949218749418,
 0.03607617187500001,
 0.0030539550781251146,
 0.03170336914062488,
 0.004886962890624957,
 -0.038775146484375,
 -0.01999536132812496,
 0.02553588867187484,
 0.023100097656249985,
 0.012725097656250017,
 0.04082470703124996,
 -0.012408203125000017,
 0.04017504882812495,
 -0.027120117187500042,
 0.011598144531250076,
 -0.01790234374999994,
 0.0006508789062499853,
 -0.0002902832031249636,
 0.009973632812499966,
 -0.021846435546875,
 0.011422119140624992,
 -0.052504150390625004,
 -0.004134277343750048,
 -0.04678955078124997,
 -0.002594970703124977,
 -0.013490478515625015,
 0.024306884765625036,
 -0.04699267578124999,
 0.008274902343750057,
 -0.017206298828124966,
 -0.0226181640625,
 0.018125000000000058,
 0.046202148437499924,
 -0.04341723632812497,
 0.013487792968750023,
 0.007384521484375017,
 0.0268325195312501,
 -0.023989501953124992,
 -0.00293310546875003,
 -0.015937255859375,
 0.02854711914062502,
 -0.016485351562499986,
 -0.015150878906249998,
 -0.011410644531249958,
 -0.05343188476562494,
 -0.038297119140625,
 -0.0012866210937499956,
 0.032208007812499995,
 0.016387939453125,
 -0.01895898437500001,
 -0.016029296875,
 0.053956787109375015,
 -0.034259521484375,
 0.05312109374999996,
 -0.02999536132812501,
 -0.0024328613281249245,
 -0.0022519531249999974,
 -0.05962475585937499,
 -0.026556152343750014,
 0.020043701171874928,
 0.003367431640624974,
 0.005304443359375022,
 0.025323486328124867,
 0.004201416015624959,
 -0.020809326171874976,
 0.01691577148437501,
 0.020189941406249967,
 0.015031005859375002,
 -0.031525878906249985,
 -0.002836425781249985,
 0.02510546874999997,
 0.0020717773437500253,
 -0.010116210937499925,
 -0.004460205078125001,
 0.034612548828125034,
 0.020545898437499988,
 -0.018152099609375028,
 -0.003418945312499991,
 -0.03769409179687497,
 -0.014542236328124958,
 -0.0016267089843750582,
 0.05838037109375005,
 -0.001968017578124981,
 -0.027076416015624966,
 -0.033811767578125,
 -0.006315429687500013,
 0.01885595703124998,
 -0.053014404296874984,
 0.006970703125000033,
 -0.009385986328124984,
 0.003676757812500042,
 -0.018697998046874997,
 -0.009948486328125006,
 0.003340820312500159,
 0.05527343749999991,
 -0.0042141113281249365,
 0.03807202148437494,
 -0.040685546875000006,
 -0.037456298828124984,
 -0.019299560546874955,
 0.006459472656249965,
 -0.026294921874999988,
 -0.00564233398437497,
 0.04140136718749998,
 -0.017593994140625013,
 -0.020972900390625,
 -0.020375732421874987,
 0.05512426757812494,
 -0.05058203125000002,
 0.02557739257812508,
 -0.03656835937500002,
 -0.02022875976562502,
 -0.038461181640625,
 0.03565844726562495,
 -0.014936035156250027,
 0.016061279296874842,
 0.05262841796874995,
 -0.007766601562500003,
 0.010409423828124986,
 -0.014055908203124967,
 0.04540332031250005,
 0.041960205078125035,
 -0.013057861328124976,
 -0.043367675781250004,
 -0.03904101562500001,
 0.02688183593749993,
 -0.0008588867187500071,
 0.015266113281249993,
 0.05573266601562488,
 -0.015236816406249992,
 0.051718261718749936,
 0.004727783203125058,
 0.02858471679687491,
 0.02206811523437513,
 -0.021762939453125005,
 0.012238037109375044,
 0.0038476562499999978,
 0.0027016601562500075,
 -0.0025095214843749436,
 -0.024036621093749988,
 0.008901367187500009,
 0.0025083007812499725,
 0.008841308593749986,
 -0.019322265624999974,
 0.01224780273437498,
 -0.04198559570312502,
 0.02248168945312512,
 -0.03976806640625001,
 0.015387451171874955,
 0.023727050781249925,
 0.03889331054687506,
 0.02667651367187518,
 -0.015875976562500005,
 -0.003062500000000079,
 0.00972119140624994,
 -0.0023894042968750084,
 0.016852783203125055,
 -0.07091381835937499,
 0.026649658203124926,
 0.003851562500000072,
 0.03006689453125,
 0.01533496093750003,
 -0.024428710937500014,
 0.010300292968750013,
 -0.03578613281250001,
 -0.0068837890625000064,
 -0.06163549804687496,
 -0.05241650390624997,
 0.003286132812500009,
 -0.03442504882812501,
 -0.022774414062499998,
 0.004677978515625014,
 0.01705249023437505,
 -0.015367431640624984,
 -0.01724536132812493,
 0.03778027343750001,
 -0.048539062499999994,
 0.01261401367187498,
 -0.030487060546875,
 0.05406469726562502,
 0.015710693359374972,
 0.019131103515625025,
 -0.003315429687499996,
 0.010901855468749999,
 -0.011772705078125001,
 0.0027827148437500338,
 -0.006388671874999918,
 0.01595263671874997,
 -0.028524414062500003,
 -0.021005371093750003,
 0.010595214843749978,
 0.02478735351562511,
 0.0007375488281249898,
 -0.006511962890624945,
 0.02977441406249992,
 -0.010899414062499946,
 0.004692382812500007,
 0.059755615234375004,
 -0.016375488281250003,
 0.005763427734374993,
 -0.011456787109374922,
 0.029254882812499994,
 0.024906738281250007,
 0.008468017578125098,
 -0.026857666015625004,
 0.027129394531250073,
 -0.0033581542968750266,
 0.004653564453124925,
 -0.015669189453125003,
 0.0026267089843750036,
 0.05811352539062509,
 -0.01242724609375001,
 0.016165771484374925,
 -0.02161962890625,
 0.012346679687500028,
 -0.028721923828124996,
 -0.029073242187500015,
 -0.02158325195312498,
 -0.0068750000000000755,
 0.033869384765625066,
 0.026375732421874964,
 0.03984985351562509,
 0.002548095703125003,
 0.02019873046874998,
 -0.04807885742187501,
 -0.014601562500000005,
 0.056564453124999914,
 0.02862841796874993,
 -0.03903295898437498,
 0.031244384765624966,
 0.01376171874999993,
 -0.007982910156249967,
 -0.028189941406249995,
 -0.006702392578124994,
 -0.026177246093750002,
 -0.044591552734374984,
 0.030990234375000036,
 0.05110595703125009,
 0.023503417968749996,
 0.031220458984374977,
 0.013056884765625054,
 -0.031459716796874995,
 -0.011565185546874995,
 -0.016662841796874994,
 -0.002228759765624977,
 0.01769653320312503,
 -0.0008422851562499556,
 -0.023927246093749965,
 -0.025989257812500013,
 -0.006233642578124997,
 -0.053640625,
 -0.0016115722656249998,
 0.020364257812499842,
 -0.02441918945312499,
 -0.016721679687499963,
 0.005502685546874997,
 -0.046530517578125014,
 -0.03211206054687499,
 0.02013183593750001,
 0.017790039062500096,
 0.022798339843750015,
 0.022098876953124957,
 -0.030419921874999978,
 -0.00287841796874988,
 0.04081420898437493,
 -0.014307617187499955,
 -0.0036525878906250586,
 0.026613281250000065,
 -0.05189331054687496,
 0.024700927734375044,
 -0.015398925781249989,
 0.008202880859375011,
 -0.012577636718749952,
 -0.0772463378906249,
 0.02155566406250009,
 0.01064038085937502,
 -0.043399658203125,
 -0.003114013671874971,
 0.01173242187500001,
 -0.004032226562500019,
 0.03674438476562514,
 0.038793212890624984,
 -0.01079809570312501,
 0.012225341796875011,
 -0.013748291015625025,
 -0.029897705078125003,
 -0.05522167968749997,
 -0.049251953125000025,
 0.0442783203124999,
 -0.035835693359375,
 -0.025380126953125,
 0.01973876953125009,
 0.008441894531249994,
 -0.03577905273437498,
 0.02864550781250008,
 0.030756103515624966,
 -0.006976562499999978,
 -0.0009089355468749893,
 -0.05312377929687495,
 0.022892578125000007