0.062258201992235085,
 0.05346406068779741,
 0.057406669719169745,
 0.06087147714827057,
 0.05813892978766044,
 0.05109019000584647,
 0.06431075577637513,
 0.06145266036064956,
 0.06353812558426819,
 0.05210633691155797,
 0.0542167673634959,
 0.06396276007282053,
 0.050537428227604986,
 0.05844905259128863,
 0.06002940442803717,
 0.061041375351557736,
 0.05514227150345308,
 0.050827528986855386,
 0.06435887452513489,
 0.05882725104214348,
 0.058676928740746925,
 0.052368359553857546,
 0.05787341938989843,
 0.06985166729353987,
 0.05298597523895365,
 0.07373477768743708,
 0.05430284544556985,
 0.05035523048258339,
 0.06102983580894494,
 0.060554664394739,
 0.06288727004874461,
 0.05735252812371239,
 0.054830277307258646,
 0.06402154459774545,
 0.04765352026990288,
 0.058953762347451644,
 0.06795858629760021,
 0.06239358038337528,
 0.06348025692298132,
 0.05286543949009337,
 0.05108777960049271,
 0.05638222221029854,
 0.05166166598152677,
 0.06593102050960153,
 0.05177233935910608,
 0.06465753113456296,
 0.05578899191086717,
 0.06237457944616143,
 0.05211839317908673,
 0.057322103172653405,
 0.058501074814941934,
 0.07010383000561915,
 0.06340616373101726,
 0.06313226281097384,
 0.05467579484317753,
 0.06146872209480714,
 0.058186402589381236,
 0.05499693968683217,
 0.04990946168631716,
 0.062202542460794596,
 0.05726492352048984,
 0.061695254215115236,
 0.061049327197325365,
 0.04948399188701913,
 0.06554354508880889,
 0.06185001872042872,
 0.05952012438441612,
 0.06279536562070742,
 0.04989375846099753,
 0.060265134572458745,
 0.045398867115956865,
 0.05135265764508912,
 0.0684020072777698,
 0.05485531091870555,
 0.06190461530114866,
 0.05848623158972788,
 0.06199033111896468,
 0.04749316137930859,
 0.05652073877728192,
 0.05874791917067279,
 0.06792507658425184,
 0.06337627877931706,
 0.05940406364468842,
 0.06424684000352943,
 0.06886461701818147,
 0.05297048581629138,
 0.053460994638027115,
 0.04905913533081496,
 0.05946742766353874,
 0.05307407162165889,
 0.05950033197043103,
 0.05777870217347769,
 0.06002873812385512,
 0.05527760947541105,
 0.05387752129597834,
 0.05112103699252102,
 0.05828181459382642,
 0.05886605176461002,
 0.05658474767962063,
 0.05563728292649195,
 0.055650022536057664,
 0.06674560475331948,
 0.06789479077237881,
 0.05892944938164946,
 0.058930492657299105,
 0.059960875488460186,
 0.06643336135435729,
 0.05173566999771961,
 0.05357821126898288,
 0.049984993147724976,
 0.05952702287946421,
 0.05142877908224608,
 0.06365767621050811,
 0.048714262343559245,
 0.057110517363495594,
 0.05455087825043892,
 0.05506071218941755,
 0.05303575285933704,
 0.047055739540407426,
 0.04520793668679435,
 0.0603306457594055,
 0.051726628297821264,
 0.06708628555689078,
 0.06520240772140173,
 0.05656634018385942,
 0.058175899340244586,
 0.0612314728565706,
 0.05557552275131861,
 0.05883794368608819,
 0.056068676728002975,
 0.05818399697407539,
 0.06361135415195873,
 0.05577071137730494,
 0.057992148623534634,
 0.06481785651507543,
 0.06054782965511896,
 0.06126235728309859,
 0.05640457088484441,
 0.06577593453096386,
 0.05137663948971194,
 0.056048772381047884,
 0.054145762626264915,
 0.04920972681290059,
 0.06341646086118735,
 0.056333816258137714,
 0.060970884903941425,
 0.05057042899591724,
 0.06302756463913695,
 0.05181739354395609,
 0.05960299878266584,
 0.05524348636389664,
 0.05997483744628873,
 0.062236901284545176,
 0.05963354635273577,
 0.057952984835260235,
 0.05820124221706746,
 0.0657782556177684,
 0.06311597401167912,
 0.05965404689169351,
 0.060631359639709004,
 0.056934303814675014,
 0.05858310850932913,
 0.06123622975331933,
 0.0547885059547657,
 0.05560190737956394,
 0.04866627082633679,
 0.06022840599867574,
 0.04921030827896078,
 0.06437857335535879,
 0.06152399440294931,
 0.06117638204641884,
 0.049550181063511056,
 0.06248756928000798,
 0.060322018384176834,
 0.058373861213656175,
 0.057347841367616725,
 0.057768495955416777,
 0.06431201678638221,
 0.0650773737361574,
 0.06394235222785039,
 0.059861052565056694,
 0.06506250101352662,
 0.05732189288575995,
 0.05925539202008934,
 0.06385041954031201,
 0.055506797781211814,
 0.05984166440113725,
 0.05750967083047143,
 0.062462769911189486,
 0.05428093579826032,
 0.05944774537966313,
 0.05640246090172818,
 0.059887466434390246,
 0.06183264716173187,
 0.05167088979166001,
 0.05797512135198879,
 0.0616310577280792,
 0.06351480768038376,
 0.057871264627573415,
 0.05510754604714596,
 0.057253834647340573,
 0.059386556715038674,
 0.06462909649486792,
 0.056402981675442776,
 0.05497065706354398,
 0.039244544922351965,
 0.06697309325873824,
 0.05603752086672009,
 0.06014124337034499,
 0.06433135863348505,
 0.05670518351887721,
 0.048574428728823005,
 0.05560987037593468,
 0.05716630239335285,
 0.06273674232034754,
 0.05697472193604991,
 0.0636129824385685,
 0.06382405724158646,
 0.0611631694043806,
 0.058878677610366914,
 0.05546880253092934,
 0.05629515188414902,
 0.06794946414262815,
 0.053844078680650886,
 0.06379144190228159,
 0.05976153571905507,
 0.06309710410878933,
 0.05522126068376054,
 0.0683041417388226,
 0.05129937448244237,
 0.05827528240293778,
 0.051738721800252074,
 0.05994171654620528,
 0.06303597458314236,
 0.05907192788223048,
 0.05901539194854588,
 0.0552782469123021,
 0.056857330121050875,
 0.06429958385798229,
 0.05604127556471328,
 0.05704497577075718,
 0.05945549331311062,
 0.05363283050499845,
 0.05640614703764113,
 0.06473473803582763,
 0.0544677461915255,
 0.05809213217338227,
 0.05743929906898648,
 0.06354851679353635,
 0.06034351438492047,
 0.06017743228451233,
 0.052425394559866945,
 0.04890148910876424,
 0.059291847253224006,
 0.06470450452867449,
 0.055512788974263705,
 0.06231720166725174,
 0.06336285429458544,
 0.054229745926816175,
 0.052890157823946904,
 0.062243905427255,
 0.06044383215525806,
 0.05371276858449714,
 0.06333125637925452,
 0.05522597109475158,
 0.056369566522374015,
 0.056821693657984396,
 0.05713697153540909,
 0.06067099366098927,
 0.05899229946485818,
 0.06118415184533332,
 0.06363417575263308,
 0.05544885137648814,
 0.05960869271787228,
 0.060997951323565,
 0.05557389018858738,
 0.06313839917677799,
 0.06255942026246175,
 0.04905331272204916,
 0.05481161858974337,
 0.0676413552159647,
 0.05452258226257212,
 0.06195023216166495,
 0.05446882100646744,
 0.06371570162599016,
 0.06949749822193851,
 0.05608907710670441,
 0.0553523768982751,
 0.05690587494943644,
 0.0545750930530855,
 0.06323702853136459,
 0.054923828065380986,
 0.06805167333209305,
 0.05712206870258485,
 0.05774155072545328,
 0.06076844558436356,
 0.05707779590201478,
 0.048732332923153265,
 0.06754358570519514,
 0.06309321742168428,
 0.06995439745259069,
 0.05678158416561718,
 0.05931540572058158,
 0.056761194394729264,
 0.059705667758890524,
 0.062279925976800765,
 0.05738876739662202,
 0.05074215602106191,
 0.062402379938854446,
 0.06509158534209614,
 0.05508391098376442,
 0.05199196291447272,
 0.06319666336773211,
 0.060000434557790916,
 0.06438505322802213,
 0.05980248129149501,
 0.05802864243503869,
 0.06081830577733904,
 0.06904474713112396,
 0.05845962851987041,
 0.053859236577125325,
 0.056723394633795055,
 0.06542052206148874,
 0.06241012459220441,
 0.057129747490202165,
 0.051178848018779144,
 0.06018744928767794,
 0.06155448721465118,
 0.05242182962424846,
 0.06246835622672209,
 0.06383047762242033,
 0.06207177919217077,
 0.0644109046517718,
 0.0692449257502481,
 0.05315919155316973,
 0.058664933076430614,
 0.06564565978184134,
 0.051958846475789855,
 0.061643361932351315,
 0.06060311718988465,
 0.06491329061021456,
 0.05224109110290742,
 0.06044997698698884,
 0.06874314063215436,
 0.05598635179671274,
 0.05058120992504245,
 0.06332076697716316,
 0.051635307205814884,
 0.05780916066897501,
 0.0758983120015837,
 0.05533454581794195,
 0.056671537495707414,
 0.04742487098405057,
 0.0612336874713828,
 0.05095712259776808,
 0.054481259695265516,
 0.05163479686546113,
 0.06162289758852224,
 0.053853529456654226,
 0.04895162176148493,
 0.05356702801863933,
 0.06115600156679246,
 0.05624516238437227,
 0.061232272272160104,
 0.055904303433111924,
 0.060118462396977934,
 0.06354912312080274,
 0.06214498095762755,
 0.06345608882366016,
 0.05491511070371646,
 0.0538594648461348,
 0.05529862718376033,
 0.06908285075635012,
 0.07012758258451623,
 0.056781145427922786,
 0.05740087938320371,
 0.050849400707799086,
 0.05382512496184377,
 0.055501645557290535,
 0.06018170534954481,
 0.057584684960221955,
 0.05656437746823473,
 0.059495081173105646,
 0.05602956939436443,
 0.06109817195608214,
 0.06452400257078006,
 0.06583722167551365,
 0.05563945453218477,
 0.051931931208982096,
 0.06925361503426841,
 0.06540669481885297,
 0.050976334249831945,
 0.050518751544325724,
 0.058015417559473814,
 0.05049082563118201,
 0.05697649017307893,
 0.050596021530406876,
 0.0575396101619734,
 0.06361006652310341,
 0.05879721727382847,
 0.053865493420425015,
 0.06332214579040718,
 0.05698597118484816,
 0.06085050718053653,
 0.05208537576789518,
 0.05549552947480052,
 0.061399013898427945,
 0.06411605223118899,
 0.06281959611568966,
 0.05151454158684676,
 0.058663921274680675,
 0.057222908201693956,
 0.05547546979929785,
 0.050088521443352185,
 0.0635856319739132,
 0.06063596736690413,
 0.06341717813978542,
 0.05401938953516083,
 0.049478445155105355,
 0.054892947644803236,
 0.05515479711135929,
 0.054459175812252125,
 0.053632222645040084,
 0.057758376557253355,
 0.060549628491249674,
 0.05617623706463104,
 0.07486763154380327,
 0.05987731292687326,
 0.061433787893821146,
 0.05943636330032809,
 0.05842217411624051,
 0.06377008153521824,
 0.057307587735615284,
 0.058229830287984674,
 0.051371271556165166,
 0.056518835468597484,
 0.06312738109406468,
 0.05802472495497035,
 0.05999915501707487,
 0.0540673793545865,
 0.054000079124339795,
 0.06295803285256407,
 0.05844297894488326,
 0.06290660419766891,
 0.052958282955109404,
 0.059621511859451415,
 0.056947903032078306,
 0.062030426420367935,
 0.06370576762105062,
 0.05347468414660694,
 0.054326310668498135,
 0.057466881295787475,
 0.05896542521605985,
 0.06557795997405336,
 0.05517428325797469,
 0.05278399576226733,
 0.052291393491491034,
 0.06291340257507239,
 0.057783997073889815,
 0.05079722005844345,
 0.06006599457942241,
 0.06203499897454967,
 0.05811408945713192,
 0.0761978431074648,
 0.06155835616748706,
 0.05552939168110416,
 0.05730783959427255,
 0.06544450871394192,
 0.0630818515577305,
 0.05323056033627416,
 0.05995237111521279,
 0.06022447254893537,
 0.05902931634304598,
 0.059511587780435526,
 0.05472862365499087,
 0.054754029304029395,
 0.05887124726944082,
 0.0644384548014918,
 0.05680104566362831,
 0.05678965106074463,
 0.0596755907070361,
 0.06196781714370991,
 0.06087334050560411,
 0.05847061375581886,
 0.05212586322640056,
 0.063839505816921,
 0.06287362919405615,
 0.059426015195741755,
 0.06141162684770518,
 0.06177475616943262,
 0.05806574376144691,
 0.06725673840048829,
 0.0530297630646388,
 0.061945283823164665,
 0.06753268664386836,
 0.06446423760159137,
 0.05632789266397653,
 0.05548314964657752,
 0.05353519667181761,
 0.05853001337854846,
 0.05758981668288321,
 0.06173981580989252,
 0.04996487510969927,
 0.05792552041599852,
 0.05733302462511469,
 0.06336417667076844,
 0.047972103878109795,
 0.06461529984487568,
 0.06307509056156513,
 0.04685105722727778,
 0.056684600062480994,
 0.05930020844821393,
 0.05370716913237494,
 0.05955642981150766,
 0.0526582597632399,
 0.06085232932215345,
 0.054510568695627315,
 0.05567523078592407,
 0.05892278824690922,
 0.06475242173191376,
 0.06293849283854192,
 0.062458499849759486,
 0.053652080650469,
 0.05513610349415954,
 0.060027289579342114,
 0.047449893400870025,
 0.058696711762629805,
 0.06042197355053802,
 0.06436966712215719,
 0.05984591608478307,
 0.062578465288325,
 0.05434796835651334,
 0.059575145351610015,
 0.06348735965640273,
 0.05117499650588808,
 0.06344265670310567,
 0.061223367534287254,
 0.06850698611826567,
 0.06426180100473,
 0.05596667268820554,
 0.05000732275790143,
 0.05493911341479718,
 0.062381869622348374,
 0.05793057868780527,
 0.06614672523656884,
 0.0590105072889795,
 0.04903427264518334,
 0.060427580617082643,
 0.060178977793040156,
 0.055561630288153196,
 0.04470598969463624,
 0.05986386211986794,
 0.05360927518527148,
 0.06120455031139316,
 0.061630864800347185,
 0.06369184534540961,
 0.06404562186402996,
 0.05711998580054978,
 0.06609161956749832,
 0.059608623857696275,
 0.04988149354443294,
 0.06452240154952538,
 0.06348207226800962,
 0.05213911323020981,
 0.06178142587664048,
 0.06804731981885315,
 0.06390244498340203,
 0.0709597241300366,
 0.05880972651480443,
 0.05449059216369734,
 0.05919630945475629,
 0.04819529813177259,
 0.06064982048658796,
 0.05786905173277246,
 0.06056795664730252,
 0.04816405749198727,
 0.05906541072627913,
 0.04846890471182452,
 0.054666556079420836,
 0.056215686169299506,
 0.045982139101133246,
 0.05847854400373942,
 0.0499764910972893,
 0.054337291972277324,
 0.05481302011790268,
 0.05059146843282547,
 0.06115766708877057,
 0.06449361120650154,
 0.05685316019154896,
 0.056206293939350394,
 0.05732558724912229,
 0.05620500713967469,
 0.05712528462206201,
 0.06951296681833785,
 0.06366545868385742,
 0.0627559231675443,
 0.0601146751469015,
 0.06520013849540218,
 0.05901400735224005,
 0.056594504421359826,
 0.05510777402899447,
 0.05670687625096371,
 0.06164777870783733,
 0.06434967626774268,
 0.05344474927741527,
 0.06044508064093024,
 0.05657215948986427,
 0.062371329662170405,
 0.057887304866357736,
 0.05484139486273243,
 0.06777674237112707,
 0.05676700454806949,
 0.05141210555890541,
 0.062387362637362775,
 0.06325063248789342,
 0.04914152360087631,
 0.05367559309180403,
 0.05818222216206603,
 0.05090782348319767,
 0.047314987318640256,
 0.059559139063978694,
 0.06960054455672249,
 0.06246758349072801,
 0.05392343530574539,
 0.04941381531879596,
 0.05799474677340899,
 0.053066139632936604,
 0.05629061231148502,
 0.06057668818069595,
 0.05854728959191835,
 0.05518042212778562,
 0.04812606713512446,
 0.06584417109041119,
 0.06975513044127402,
 0.05840908393906452,
 0.0657747791852541,
 0.05370171274038471,
 0.05303060475203969,
 0.05558609507354628,
 0.05783491332575541,
 0.05270230974736001,
 0.054992236089648205,
 0.059448438453907126,
 0.05864372766392023,
 0.05404052898347822,
 0.05985757597963959,
 0.06326272398933552,
 0.05491141275882638,
 0.05194478636055777,
 0.06345855017496782,
 0.05869146950597148,
 0.05764896900517025,
 0.0536203125000001,
 0.0574755348376057,
 0.06266592910697666,
 0.058901747932392334,
 0.0628053433112028,
 0.05175124103327233,
 0.06611901298029221,
 0.05834718072725864,
 0.05546978212759468,
 0.05569326362656457,
 0.05225434129130413,
 0.05461143210088526,
 0.06372246532600889,
 0.053765760053978706,
 0.06611433249466692,
 0.0620992451163529,
 0.06859775253500833,
 0.05101063391903238,
 0.05934610154914366,
 0.05244235723586277,
 0.053050961419223386,
 0.05884298073345917,
 0.058057139697325066,
 0.06189777739621505,
 0.05671782716095919,
 0.057134305185916556,
 0.0568878285017933,
 0.06071409111721615,
 0.051155024854702136,
 0.061906291793059065,
 0.06315588048019705,
 0.05183954881381636,
 0.05692126593025071,
 0.05381792343940783,
 0.05194943969875587,
 0.06170198007287864,
 0.06115578753386397,
 0.05590244909712694,
 0.055038020139678734,
 0.06051500817975408,
 0.06581816296537268,
 0.07190966135101862,
 0.06110680356427434,
 0.05116865305918061,
 0.05638922734708851,
 0.054836501438014995,
 0.05245476059313958,
 0.06029570580786392,
 0.06506241735769769,
 0.05895144045949685,
 0.06658323531936805,
 0.06431531812635471,
 0.06151766296312178,
 0.06115023823832422,
 0.0563819988767742,
 0.05210604640043148,
 0.060937601650736584,
 0.063854032523466,
 0.059935979166984676,
 0.061459753377720805,
 0.0598793737241492,
 0.05713912903122731,
 0.05290754027873157,
 0.058918347510778846,
 0.06694288403111637,
 0.05285399907709465,
 0.05420278874771056,
 0.06865514130521855,
 0.06123940572773545,
 0.06408531549288377,
 0.06392971293069394,
 0.04912430120746003,
 0.0578698456816622,
 0.06886347930498338,
 0.06171465803619114,
 0.056515181075435184,
 0.052941468075110576,
 0.0569924949562155,
 0.0510949913313683,
 0.059005778889080096,
 0.06189744627117655,
 0.05712521158854167,
 0.06576710480816916,
 0.05778087642609142,
 0.05860340406385478,
 0.05583876154227729,
 0.054772337287278816,
 0.05471874388828546,
 0.06592160891950916,
 0.058597732005443603,
 0.05786431749131937,
 0.0579836492554755,
 0.05899713291266018,
 0.06131627310406884,
 0.05536702463026799,
 0.0670222089261796,
 0.06877951204069377,
 0.05931266860309825,
 0.05578850231799426,
 0.06268828190581122,
 0.060623575220352555,
 0.05807155728928182,
 0.0571142478548774,
 0.05758209545987847,
 0.061971107462416075,
 0.05673156413356617,
 0.05218219953381609,
 0.06332878807627829,
 0.051621717605311535,
 0.0561631986774076,
 0.06267689440008772,
 0.06446777194702014,
 0.058787121747494675,
 0.05279022811498413,
 0.06277950285933653,
 0.061065743948866213,
 0.048586527908940136,
 0.056475581614580106,
 0.05646913444173385,
 0.06404919555813104,
 0.0606355362031632,
 0.05933389911954379,
 0.05804218589643906,
 0.054146166664281736,
 0.06335563006944334,
 0.06294576017561648,
 0.062868021453373,
 0.06065828402825457,
 0.06225464004311676,
 0.056353319304812244,
 0.0479831385574061,
 0.05170562555571867,
 0.059606808706086145,
 0.06166526272142914,
 0.04687500077504958,
 0.06113136858258916,
 0.04830276603279504,
 0.06062659199721976,
 0.05267362458505054,
 0.06389222184065924,
 0.05447690298525276,
 0.05769275596907408,
 0.061903770880000986,
 0.06090206335647497,
 0.060637851634042894,
 0.06533588276957425,
 0.054893821483421146,
 0.05612530387906389,
 0.06274674448359652,
 0.06162933863142439,
 0.05185346655839829,
 0.06138660200135093,
 0.05909830913986158,
 0.05723175495281385,
 0.05183867659145447,
 0.05311878690428484,
 0.062025770442358574,
 0.056251663971879085,
 0.06983385404742815,
 0.06212177305116762,
 0.05432539450024798,
 0.062475085909833084,
 0.0623153881925369,
 0.052997025180765434,
 0.05973519995087373,
 0.059807569909474,
 0.062241061412545706,
 0.0534676883012819,
 0.051335987818605044,
 0.05469593696813191,
 0.060090120263850855,
 0.05302963736025257,
 0.05298422952915138,
 0.059432363627041074,
 0.055324078644879426,
 0.05928166328029638,
 0.05147972070789453,
 0.06697726036832918,
 0.05437400239192214,
 0.054624555777338824,
 0.055382483223156864,
 0.05566685822315698,
 0.0503831341550498,
 0.05612245276966954,
 0.06354959142962069,
 0.05807684223328735,
 0.051976883370535854,
 0.05929454430660486,
 0.059380428752557,
 0.060491765097966166,
 0.05384100813591397,
 0.057689264132135154,
 0.06007307984441801,
 0.0687332724621299,
 0.04987607040312114,
 0.062084726157089376,
 0.062274916890834975,
 0.05301996908724749,
 0.04953130693633634,
 0.04521523747519862,
 0.058483102070455706,
 0.05265546433167789,
 0.0670240673941418,
 0.06050532759623217,
 0.06176543600713513,
 0.0596526919388336,
 0.05714479116182947,
 0.06241530967405007,
 0.06211083707111831,
 0.059462397276117906,
 0.060060681614392486,
 0.06796397164033885,
 0.04487302356389278,
 0.05295467539730225,
 0.06853647115146133,
 0.05417118830605161,
 0.05640825451675102,
 0.05856878129197707,
 0.055064164985404895,
 0.05827647825807025,
 0.06494992869543648,
 0.04858730647607601,
 0.05437144687452289,
 0.061449485784397906,
 0.05732811295692142,
 0.06226307496756722,
 0.04936822821275966,
 0.062013813709077326,
 0.05565291812137518,
 0.05727471805349449,
 0.06010983752575538,
 0.06260530277969112,
 0.07012266383448784,
 0.05434654840602082,
 0.06101532177674751,
 0.055726814839266225,
 0.06282845624427646,
 0.060266801286820826,
 0.05124264126173306,
 0.055590123662145,
 0.0535917942517552,
 0.058257653972546564,
 0.05485596233735879,
 0.06251246846144287,
 0.06033257116147728,
 0.06108455318181183,
 0.058711939579517924,
 0.051005806367058426,
 0.06455963274142529,
 0.054974710966116946,
 0.06597037945236184,
 0.05720677059485646,
 0.06475233558216953,
 0.05957973411001993,
 0.061319693175747814,
 0.05655156954188745,
 0.05919531849246118,
 0.05825074100703986,
 0.0597898862696431,
 0.060076110049889664,
 0.04879808085794424,
 0.05557875338637075,
 0.05629461996336982,
 0.056834598870096675,
 0.062146242529994566,
 0.06048916444883279,
 0.06329752520699805,
 0.06279163977840718,
 0.06018894540789055,
 0.05889181311725311,
 0.06398559367607226,
 0.05686326020442256,
 0.05178149044423441,
 0.06376294946915095,
 0.054197362685057815,
 0.0640108128362522,
 0.06349815801875991,
 0.05864522301158037,
 0.05447631215897819,
 0.06444782837972429,
 0.06247495160118577,
 0.06368170179429944,
 0.05642275189683743,
 0.06582348287021134,
 0.05931077566180609,
 0.06018773179945058,
 0.05922659344614356,
 0.058948053075396745,
 0.061594952397795444,
 0.06394589760283109,
 0.055703398532890525,
 0.05866662696027891,
 0.05625406805650979,
 0.07085029851333591,
 0.04988893924013915,
 0.05391858097956703,
 0.047396492185115324,
 0.05914203016493036,
 0.05508368782269879,
 0.05557506760817321,
 0.06690987699366602,
 0.05542767290760442,
 0.05838348022714346,
 0.05893126603756471,
 0.057657208259405124,
 0.06310727002489669,
 0.05940444329975558,
 0.054767431819482626,
 0.050731974134806235,
 0.05567789689693958,
 0.06109852996937937,
 0.06614730045282746,
 0.0629553465932291,
 0.06194922149248305,
 0.06059360256171775,
 0.0734607722951961,
 0.06171531029739774,
 0.06671594672063885,
 0.06490500735700921,
 0.060595401504447644,
 0.06543798288505309,
 0.053440620087977564,
 0.06246099992130261,
 0.053308169164088204,
 0.053826663554544574,
 0.05968283151852494,
 0.05257084454174299,
 0.05045521346058446,
 0.05397753614151579,
 0.06439719700330038,
 0.05340737127596862,
 0.05578893197763368,
 0.05448331913428062,
 0.054566347994928543,
 0.05721847414196035,
 0.05429262712007876,
 0.056107621892029336,
 0.058932335129063596,
 0.05810506047771691,
 0.06214679153311975,
 0.05834921386122538,
 0.05462663237370258,
 0.05913594897213481,
 0.0631226999508736,
 0.05428355815733754,
 0.06309743393000233,
 0.06410066093845401,
 0.06214891809037337