0.018120727852101393,
 -0.016964400779342137,
 0.05130718655801658,
 0.02355109681442691,
 0.006043883547008577,
 -0.010651312218597386,
 -0.014000839080624232,
 0.029052452614659663,
 0.021938695782299344,
 0.03899941746079438,
 0.0045282540159493345,
 -0.014917310196314093,
 0.012503504495454232,
 0.014476060327476337,
 0.009258731016121124,
 -0.008152940849577172,
 0.01725148469694368,
 0.04162062663356614,
 0.03177552311503995,
 0.001493025984432253,
 0.014208365110367105,
 0.03431199242958355,
 -0.0017549301501450232,
 0.013357121334611588,
 0.011446294010893587,
 0.026198064522283293,
 -0.009653357336023322,
 0.01530291113770188,
 0.031247266877003188,
 0.035191538143775125,
 -0.030508579799107146,
 0.003942996651785741,
 0.01987011456425522,
 0.05230782734103101,
 0.0551845483726342,
 0.016301603916553442,
 0.02914486023910695,
 0.011548027558379123,
 0.001292056695474636,
 0.01021581554354628,
 -0.014086739318624072,
 0.012382965244391059,
 0.07278323859842417,
 0.0066242912200245585,
 -0.0010788869333791251,
 0.0566854213169643,
 0.02326968070377372,
 0.06570930638780881,
 0.009590073133071031,
 -0.0003940493487833985,
 -0.007442452030391497,
 0.03288523423191392,
 0.029187150333390588,
 0.01228476508842713,
 0.009799476980362265,
 0.022507066663804975,
 0.05621411091079054,
 -0.010771758835690398,
 0.04124398162059295,
 0.045445995580962184,
 0.014074476722279461,
 -0.02844944864163612,
 0.03616042459602031,
 -0.022107331015338794,
 0.028146416886065284,
 0.029373763466044367,
 0.01347175880217874,
 0.042243295165121264,
 0.06401960613171553,
 -0.0069173055246558035,
 0.011864439651060765,
 0.03259121701865836,
 0.06020666858640489,
 0.03725488257402332,
 0.04139110043174343,
 0.007830160697592459,
 0.014028991408539693,
 -0.029774721697573253,
 0.03325817379235346,
 0.02260595017420472,
 0.04129007083953384,
 0.026356514470772363,
 0.05192260810757954,
 0.00020557272588523495,
 0.019749713470123775,
 0.017418710472470178,
 0.0012110531455591933,
 0.01651435546875002,
 0.012010184807596913,
 0.009155318151900238,
 0.02388322482638891,
 -0.028855472148294398,
 -0.004612541196867374,
 0.0239290070064484,
 -0.0002920043811152906,
 0.015601037374084248,
 -0.001299190013545476,
 0.023960779926453735,
 0.006804097269917583,
 0.04657843329088451,
 0.012958126693185301,
 0.005496936169299443,
 0.014613346056070675,
 0.005648541714362028,
 0.026813746577857955,
 -0.02588056905366576,
 0.011297162781879574,
 0.005474366128772223,
 0.011534762632481543,
 -0.020478251454769336,
 0.007027098416991007,
 0.005833789128088962,
 -0.007112247989640565,
 0.004492906297224208,
 0.02573990875478921,
 0.03377334783272279,
 0.01711377370459402,
 0.04187077961643404,
 -0.042542628700180884,
 0.012157806716937614,
 0.011478428819444442,
 0.020918462814312366,
 0.017624234489468815,
 -0.017616394050422063,
 0.0771071656316773,
 0.043268571261637634,
 0.00029818900717339114,
 -0.004829701450892843,
 0.04244736302485619,
 0.0671428569980499,
 0.018165895730788306,
 0.046666217967461954,
 0.006288217397836582,
 0.015530721769007962,
 0.03812572914281909,
 0.010990808686756004,
 0.0051837171021253126,
 0.009784742731227106,
 0.0016457061301746456,
 -0.01357743720854579,
 0.02018529212215736,
 0.06023572787889209,
 0.022030471725361322,
 0.029570761909531396,
 0.01911192461509842,
 0.02598145103594318,
 0.017153385416666667,
 0.023461678447420642,
 0.002087253474606995,
 0.011276669463943678,
 0.010247438997634362,
 0.017747321249713788,
 0.050649095874828465,
 0.017435020522242106,
 -0.011550748395809163,
 0.034594771669932634,
 0.012623259775164097,
 -0.007490092314909852,
 0.011723140059810011,
 0.005055099787300399,
 -0.015213956616300373,
 -0.007579091725331943,
 -0.007977876209077368,
 -0.015207103269993902,
 -0.01644114869505492,
 0.0066696239512894495,
 0.01546669808598522,
 0.02651484410771532,
 -0.008026223505227442,
 0.0013179993942689372,
 0.004947846912202375,
 0.04715975880969314,
 0.056814606126549316,
 0.039814082651289606,
 0.0019010380791400494,
 0.02635508981036333,
 0.008486888822610755,
 -0.005729880475141957,
 0.050438818359375026,
 -0.025292452566964302,
 -0.012017575263278391,
 0.019444543646345402,
 0.014493205343755741,
 0.01149841465113266,
 -0.0189183843554449,
 0.006689710918421965,
 0.019048893773755238,
 -0.008808638643257781,
 -0.022753567833120936,
 0.009169633198832433,
 0.02430132063114393,
 0.006142082391349973,
 0.037528689996680076,
 -0.019673005141559827,
 0.0011905051057883032,
 0.008729745628720226,
 0.019848375375169813,
 0.03638059806404531,
 -0.0069825101114163735,
 0.007759577407184831,
 -0.028625498058798826,
 0.066932835214915,
 0.008418716525693773,
 -0.008554163149133851,
 0.04124902594150648,
 -0.007670321334486783,
 0.022532651528159364,
 -0.016333246885492952,
 0.04326990714905743,
 0.0049000129373664505,
 0.013487177758222672,
 0.06940422875174579,
 0.0040390242840926405,
 0.01917141921518195,
 0.00306177801148505,
 0.03774274939014033,
 -0.0035837746942727483,
 0.01604344451121792,
 -0.001981755988152468,
 0.004588553731091266,
 0.012469413144364339,
 -0.01636740451388896,
 0.012808414870558088,
 -0.005507877433237426,
 -0.01633456734310127,
 -0.011491410954529324,
 0.057978649397009585,
 -0.012172985602828493,
 0.005986111051491938,
 -0.01852737540393038,
 0.008179464347896192,
 -0.034917237699366596,
 -0.006678707777682383,
 0.04778804140195736,
 0.0392649296612676,
 0.018693482369410097,
 0.001194147779304034,
 0.013257662539401194,
 0.015675378771255688,
 0.02963251488095242,
 -0.008137505581038595,
 0.006077596416170672,
 -0.019986208648122727,
 0.03805485707771089,
 0.007067317372437473,
 0.036557215950282385,
 -0.0017270150351748892,
 0.013139827078436014,
 0.0004966737069640043,
 0.02985010546636535,
 0.0011044827068895924,
 0.010877661964601937,
 -0.0050983692956349195,
 0.005828041890834856,
 -0.014099737735138118,
 0.011272108349549781,
 0.004935464779361298,
 0.04979330541962357,
 -0.001835931597699167,
 0.026899942169375746,
 -0.0056046890500992125,
 0.045635100565666886,
 -0.008183385082799144,
 0.025561856887686918,
 0.015012593542525265,
 0.0042224855006104955,
 0.046876859045902,
 0.017557863534035434,
 -0.030252572703760416,
 -0.0022644141650575156,
 0.01442760279542507,
 0.02101730876545338,
 0.04376961143782454,
 0.026272983116404358,
 0.017898627566010405,
 0.014441807546836882,
 0.045438109487084044,
 0.004765990167601458,
 -0.011306065418956013,
 0.013289461550221704,
 0.04405276532114344,
 0.02001034798534801,
 0.020284193729536104,
 -0.019081703284779455,
 0.01789288784674531,
 0.020753981191334703,
 0.024865340020222892,
 -0.0008717254154265996,
 0.003015443392280784,
 0.03855959374284573,
 0.01198661653828692,
 0.060288075682997544,
 -0.019289035432883073,
 -0.011648460515821524,
 -0.026822323694101036,
 0.023229174557237553,
 0.010366235980621918,
 0.027488171312194692,
 -0.018153562396011402,
 0.015146807749542246,
 0.007037948753720227,
 0.0058123625181242256,
 0.020645864573794248,
 -0.00016816620879117616,
 -0.03553395289606223,
 0.03634469222184067,
 -0.01384883217910561,
 0.0052703546022579845,
 0.026104780213214766,
 -0.00166606577087023,
 0.05861945934924451,
 0.01387249742445057,
 0.019706899968521097,
 -0.02310869296250115,
 0.0050167209049010175,
 0.00015202180631868067,
 0.0023849795983097444,
 0.0060945335751488305,
 0.006217341175328517,
 0.05523607653106499,
 -0.005723513499912292,
 0.0032047779423267364,
 -0.011008109940190018,
 0.010809301429906902,
 -0.024000659686450765,
 0.021496346596091176,
 0.03347355824958598,
 0.011241014611473588,
 0.009229573269612323,
 0.02479348705318296,
 0.008870593664148385,
 0.052358763366624816,
 0.057972380868913986,
 0.03604782285234953,
 0.06285862886570892,
 -0.008125601378872874,
 0.005860393390476171,
 0.024503310193886185,
 0.01741791419843186,
 0.03806283601381266,
 0.009988535348247271,
 0.024286613820207525,
 0.024149576465201494,
 0.02295616522149735,
 -0.027393680960966116,
 -0.012859956227583208,
 -0.010660341427235959,
 0.009743817598541104,
 -0.0006759133661477235,
 -0.008444449810172477,
 0.0012795833452571848,
 0.004109211464533746,
 0.04779521257822039,
 0.018646847813644618,
 0.026629439722603787,
 0.014341714481265255,
 0.020897796414739767,
 0.011388277565083538,
 -0.013060219923305888,
 0.007768965106074444,
 0.008285572442834899,
 0.0015639418577417241,
 0.012935378510378515,
 -0.004581544876564425,
 0.025091254638373806,
 0.04175181659703142,
 0.0029718754412359494,
 0.030636225222260283,
 0.04611122374884569,
 0.06687568490537243,
 0.03182752499236874,
 0.02869363105969569,
 0.021581501647598922,
 -0.003922500166933761,
 0.015828651283850054,
 0.030344539298592155,
 -0.004289750917532309,
 0.058996820925385274,
 0.022034864652491715,
 0.011039409304887782,
 0.048737806383070015,
 0.00881081188234506,
 0.011050383630813843,
 0.023073887196954412,
 0.020735339340563944,
 0.04855610208476402,
 0.04467524538681844,
 -0.021773129737920144,
 0.026012274102850175,
 0.008012495886275173,
 -0.007478995976896368,
 0.0034744324930451875,
 -0.013159877828334887,
 0.004893420229786227,
 0.04190240450196514,
 -0.03966214514652011,
 -0.02848624765906438,
 -0.004477959437480916,
 0.033766600876795505,
 0.049532183636675775,
 0.003703291099091899,
 0.006835476226247708,
 -0.008793648968891194,
 0.02518227819272742,
 0.015710888373778986,
 0.017332196335565375,
 0.02200847552512597,
 0.04731060673267706,
 -0.0005335177355196841,
 0.029740608054154183,
 -0.009079099356589543,
 0.01636808482858293,
 0.0446720867673992,
 0.015724444349053623,
 0.01962672040284602,
 0.05465392890529608,
 -0.000403832501049306,
 0.02557083157832729,
 0.0036992383921281777,
 -0.03602323914692085,
 -0.0019301928323412626,
 0.018566930362389364,
 0.018629302061870467,
 0.013507736247042823,
 0.019186242452209235,
 -0.0014797304258241661,
 0.02529373002756785,
 0.019745059833829404,
 -0.007351793343919832,
 0.027782684314991923,
 0.029679262393006334,
 -0.003961849427394984,
 0.00924404803638202,
 -0.019487684402186345,
 0.027239946116166813,
 0.022845443213170835,
 -0.011382365361021642,
 0.040895929835099154,
 0.031881409123645565,
 0.06526239133670164,
 0.023117525063911737,
 0.034010171929849675,
 -0.008647997033348509,
 0.002962120285313674,
 -0.024910486003796556,
 0.012542427132863077,
 -0.020417535503991613,
 -0.017002614123073106,
 -0.0002387368857518224,
 0.008954706264453494,
 0.004149317360157223,
 -0.0038781524844512805,
 0.0016487222413004154,
 0.023931590836888783,
 -0.0018031291137248079,
 0.05438135671836841,
 0.03706178156053469,
 0.035557982533959254,
 0.017569310599339916,
 0.056080488841670495,
 0.02661068028328778,
 0.012444624911763624,
 0.011748799838197654,
 0.057844891966357226,
 0.01570835074213983,
 0.027559182787698422,
 0.048399074668572184,
 0.0006689723199977265,
 -0.003750416320875305,
 0.04759457973229131,
 0.02572650902157736,
 0.0012319257240155645,
 0.014425788106207982,
 0.05086451355047539,
 0.04653560404981305,
 0.008017497460222123,
 0.01875310466985275,
 -0.011429989530868434,
 0.010645169354300155,
 0.024156898676482907,
 0.03389765540926659,
 -0.016940840106074474,
 -0.0326642340840583,
 -0.006823702447725885,
 0.053241201756143,
 0.02911486002604169,
 0.02353038927760609,
 0.006131461827018472,
 0.01425047009517344,
 -0.018227748147035254,
 0.018678900824652844,
 0.01619036594679224,
 0.01605535285027465,
 -0.014777186295692149,
 -0.021676761270413614,
 -0.008427950554220104,
 -0.008335346077533556,
 0.010603140202896155,
 0.01510254102993358,
 -0.010257759760377877,
 -0.006569765039467941,
 0.0038302005828372843,
 0.0011746176620688609,
 0.014002384171817817,
 0.030487483306623875,
 0.017576553974454456,
 0.002765201047867094,
 -0.0075633716923267785,
 0.005883250188181172,
 0.010895233266082882,
 0.03677720060430023,
 -0.01800900679181929,
 0.027738977423401256,
 0.018545610059428452,
 0.02153151679592108,
 -0.0044162909464667555,
 0.033212414863782014,
 -0.026072786279475763,
 0.009511885266426295,
 0.02983879868503886,
 0.0649884600698154,
 0.019343675595238086,
 0.03912053507968971,
 0.020739602930569923,
 0.0062265232705662615,
 0.03498393638154379,
 0.0068934768844436944,
 0.022279570799052018,
 0.0016166638602469474,
 0.03940852913278281,
 0.01712860123817156,
 0.06402709993732059,
 0.015005764103518116,
 -0.017518742309123203,
 0.05300801955295398,
 -0.026714004848233386,
 0.03794959824273597,
 0.01780504444015185,
 -0.016007952247405366,
 0.00817176315438034,
 -0.036991504615631776,
 0.026977633857028394,
 0.016203010129585027,
 0.009413701700165589,
 0.00962712274162475,
 0.007795935256851849,
 0.03669853748139884,
 0.01451451059790898,
 -0.019858733925893435,
 0.014818116247901358,
 0.009582789844703954,
 0.015237705645769095,
 0.01599028261282287,
 0.021020477704803864,
 0.00021100969885150256,
 0.038422183030399015,
 0.0047141184824290305,
 -0.0048924759376907725,
 -0.029489163930606244,
 0.02465325127346618,
 -0.00179489146920786,
 0.032309899161665656,
 0.01448000911927395,
 -0.016767471244533483,
 0.008860404033802949,
 0.008912495754594602,
 0.021506783412984565,
 0.019708569425366362,
 0.028958115544394814,
 0.01776505875712664,
 0.004059005539816141,
 0.031268375233707346,
 0.02728317909846223,
 0.03717772018563026,
 0.042305843508393504,
 0.00084366069043805,
 -0.000689338775373971,
 -0.01491491948159307,
 -0.004711299253858076,
 0.038363064951541515,
 0.05128487031631557,
 0.0032532858526022612,
 0.01749007397976704,
 0.032652798431728136,
 0.0019681427784455224,
 0.010983805100064914,
 -0.0314481132907891,
 0.020622189237515687,
 0.03344223072392019,
 0.018732858817850223,
 0.010718440218635605,
 0.04365478789873328,
 0.01836668020022514,
 -0.0313316246868417,
 0.03675713535187264,
 -0.0059149376502403705,
 0.030369744984832858,
 -0.0021582473028273763,
 0.05021124588815784,
 0.02701041976686508,
 0.015654134780412443,
 0.009747615209093397,
 0.03366432428790833,
 0.022291205273676007,
 0.04448956073765631,
 0.037052495838579724,
 0.020856176012572475,
 -0.01584217767951864,
 0.005192806585775367,
 0.02162079481932999,
 0.008485902600620904,
 -0.002865318438072348,
 -0.0037568216885111305,
 0.008522000438797334,
 0.02305121688749623,
 -0.03969649081387355,
 -0.017512486526060758,
 0.02033394851842918,
 0.010375899355635654,
 -0.0018038765500499876,
 0.00983398646167205,
 -0.025211575723538625,
 0.011721819733001404,
 0.010199182322668643,
 0.004581003951560608,
 -0.024698341393849202,
 -0.01100446380876069,
 0.05482062484499017,
 -0.022047195691678123,
 0.0035525914081578625,
 0.005837340399400953,
 -0.0009914045806623806,
 0.010356963999542113,
 0.010270122016655225,
 0.017480427970467005,
 0.040339610252701774,
 -0.004485853675404451,
 0.0001018222925761661,
 0.022047734887725268,
 0.05003225196027916,
 0.018424804091307978,
 0.012026809740823402,
 -0.00878717693180256,
 0.021410474914625333,
 0.01928956234737489,
 0.024192320860586702,
 0.007792278300041949,
 0.049087891161572805,
 0.02527193172267095,
 0.00972302557642113,
 0.03467253796550668,
 0.015527540552980001,
 -0.025241774637038333,
 0.042958315447573225,
 0.010900630532661826,
 -0.00796446395913153,
 0.014973255959535359,
 0.027962899150545506,
 0.04361033647884227,
 0.05556307669652394,
 0.043838559991871695,
 0.027965368398962243,
 -0.012107916475885272,
 -0.02783988411219857,
 0.020474339535361874,
 0.039429364542792285,
 0.017972190298866986,
 0.011409606024400942,
 0.04433406939197948,
 0.05453474308894224,
 0.020447913924183325,
 0.0019536484565781664,
 0.04662994977303769,
 0.017631393622653424,
 0.025809550518925528,
 0.05331394823777513,
 0.017694436646625816,
 0.01633529337416062,
 0.012387122629966718,
 0.0784428105802617,
 0.0051865950489032725,
 -0.03328383359804257,
 0.04561444203582876,
 0.012740256136008099,
 0.036188239933894306,
 0.011710958724435283,
 0.03978719069558917,
 0.010660566608955313,
 0.009854067110319498,
 -0.026627972017132157,
 0.00984174047523656,
 0.01867459542410721,
 0.04141614219656209,
 0.028149894145108822,
 0.023017068738553137,
 -0.004843804313091421,
 0.005641173615880624,
 0.020623754018334106,
 0.03685809783749239,
 0.022400180049984675,
 0.024232670844780202,
 -0.012508151614010976,
 0.006933576639289507,
 0.01847427968082266,
 0.028809079795257153,
 0.04005586736397293,
 -0.012220402405754005,
 -0.0049420773237179305,
 0.04220927368268412,
 -0.03749985745049217,
 -0.03343274679964131,
 0.02354037114144536,
 0.05703216002747247,
 -0.02799530993009866,
 0.013354555622329067,
 -0.008472814945878232,
 0.0066661828474650076,
 0.049347607243017344,
 0.012814596747653395,
 0.026004876820038714,
 -0.011759637205242673,
 -0.00464993966536935,
 0.04861719316382407,
 0.0009642950373118797,
 0.02390841676668015,
 0.00873720905830283,
 0.0030931330008966418,
 0.025004214123550084,
 0.04287380985544642,
 0.014452152909486038,
 0.03178941669766855,
 0.02548686040521969,
 -0.01849777185162929,
 0.007619992642990681,
 -0.001269779773171322,
 0.006614645873874447,
 0.007622739955357116,
 0.02532255346649892,
 -0.020527414049620676,
 0.02098193973452761,
 0.0035663485982333487,
 0.033384757098413265,
 0.026987369366435088,
 -0.029830872789320062,
 -0.009866708401228011,
 0.06516702146410203,
 0.010127029020241984,
 0.0010567346444787934,
 0.011289496766254459,
 0.018859150712568717,
 -0.009528450461214144,
 0.007052778612446575,
 0.03026185296920797,
 -0.0063586895580547975,
 -0.032879694475446426,
 0.011852321273561506,
 0.00994883843912163,
 0.002158463839762703,
 -0.0007365186083447273,
 0.007553855752537392,
 0.015565711268982874,
 0.005094918834420814,
 0.016520953823736972,
 -0.013575225479815323,
 0.007426892909607852,
 0.028027232636053334,
 -0.014754742660457232,
 0.0023519142067960803,
 0.014575641502594772,
 0.04027136066515946,
 -0.0047718375128316115,
 0.026051334158463113,
 0.006772962931166027,
 0.0174360980621871,
 -0.023073466773027296,
 0.009619573930634867,
 0.018849170631256906,
 0.011956001626411777,
 0.05587162913041821,
 0.03775142927655428,
 0.023623079908070332,
 -0.00505581442212301,
 0.008630839462187234,
 0.018058367077800674,
 0.05120254860157203,
 -0.002170318420909506,
 0.02458686964619583,
 -0.007034743446657471,
 -0.024306179828201324,
 0.023629302479204806,
 0.009646144504060344,
 0.016847691007993715,
 -0.028073580448524704,
 0.0009928187480922057,
 0.01327685725732608,
 -0.01768986940727462,
 0.012282945180844745,
 0.011932457120212736,
 0.06825774965368936,
 -0.026412951658665584,
 -0.008193505501659787,
 0.0080139119610243,
 0.004076154525812725,
 0.041334701593978895,
 0.01977062709527455,
 0.016838370886488374,
 0.007956194852239779,
 0.019412700034917282,
 -0.01302648125295748,
 0.015292428123092228,
 0.0455811017866683,
 0.02216813475012208,
 0.015555384682624934,
 -0.01706474747112169,
 0.005442728603861413,
 0.009714087182348896,
 -0.017004225630055658,
 0.0007336364969666165,
 -0.017529497875866218,
 -0.009944721017914382,
 0.023618425614057414,
 -0.011310763020992348,
 0.03461197783533365,
 0.011772337168040325,
 0.022482408699156853,
 0.018564292222942036,
 0.03975780147044805,
 0.018645990787641176,
 0.023305262646424796,
 0.02393662146343417,
 0.020005056006276667,
 0.021904361681070683,
 0.01717645661630046,
 -0.0009313271472451146,
 0.0006233297084859632,
 -0.0044764719384348325,
 0.01295163595085469,
 -0.02996932846630196,
 0.04214926268935054,
 0.025014030126774278,
 0.003726029385111407,
 0.005261073729872556,
 -0.00021325555412469999,
 0.0189147828787965,
 0.04786807930345782,
 0.009600898857270501,
 0.01368879759147179,
 -0.010158542369861629,
 0.011123959346859724,
 0.03624782539243765,
 0.045809799727182576,
 0.01822752296335023,
 0.0071413449614620705,
 0.01569984642094019,
 -0.013508540271577383,
 0.02433358850351036,
 0.00811101947640036,
 0.01341724622491225,
 -0.002105291919452079,
 0.011660359730330416,
 -0.015405430076264649,
 -0.014628470648745631,
 0.045595589447114504,
 0.02039496109729899,
 -0.021179868824127646,
 0.01340718178848066,
 0.03372558379120877,
 0.047456000195551074,
 0.011767629755227438,
 0.034687487897302305,
 0.0022095360910791007,
 0.0028992725861378132,
 -0.00654569916580168,
 0.00023976103018347183,
 0.025907196302061064,
 0.02342468389900032,
 0.018256153297657285,
 0.021273434876755204,
 0.0055795422080090196,
 0.017261954663175372,
 0.01640805497128739,
 0.009245395851857297,
 -0.03246125127585092,
 0.003597206661610952,
 0.012550455252213044,
 0.014115955886561393,
 0.03560772098452758,
 0.01920084510216341,
 0.014562912386008098,
 0.02939189653469987,
 0.012035981141254593,
 0.000828272140186187,
 -0.021564244517418348,
 0.02572185074390909,
 0.056755994607858073,
 0.031086132001580058,
 0.03458658026554487,
 0.024521919893257804,
 0.06586316149021376,
 -0.020821773647359598,
 -0.020857011039091107,
 0.01778486983936206,
 0.043468736736347435,
 -0.027278208960047345,
 0.021729677305116768,
 0.021184580924717644,
 0.016575892499427702,
 -0.006037615901953078,
 0.004867288077590792,
 0.0243236698360233,
 0.042824538169056736,
 -0.010131149780124415,
 0.015601923851972677,
 -0.02426165430164453,
 0.020014261151175217,
 0.005658362069787856,
 0.04497960908521548,
 0.018582961130666265,
 -0.023236003369373176,
 0.03158674856920296,
 0.04597557228470306,
 0.01605173789968712,
 0.04014623951894447,
 0.043675246400468604,
 -0.006244944351438492,
 -0.014393317283844631,
 0.015575732481494353,
 0.062332010947183325,
 0.026535320858611877,
 0.028018907036973517,
 -0.005324201043097498,
 0.006064642439076062,
 -0.020902025621947512,
 -0.001128669323298248,
 0.017318318893563056,
 0.007183498198564786,
 0.042752568156669724,
 0.014602847808416808,
 0.027387123166604965,
 0.03842503863199698,
 0.017552300741419447,
 0.019620542383933515,
 0.03639617151485608,
 -0.015588021489144538,
 -0.021820778364430693,
 0.012441108982180751,
 0.016113906059218586,
 0.058559055560325146,
 0.01163792585994744,
 -0.00922899269647165,
 0.005279936756577042,
 -0.012843442126449917,
 0.019552978694482637,
 0.029524970071161505,
 -0.012224071967529018,
 0.004639783965203814,
 0.008953648396958919,
 0.03019997943137598,
 0.008538179133689261,
 0.00955574973529083,
 -0.015105072025211025,
 0.011802747789320112,
 0.021867235076121816,
 0.04920189535290298,
 0.01853553703783206,
 0.049053394887339286,
 0.01391613951369819,
 0.004401404628357808,
 0.004456670613457725,
 0.021526630259532553,
 0.006482076071225529,
 0.005585051499065186,
 0.013535342679239115,
 0.041207434633508955,
 0.023735934620040977,
 0.013960271174078775,
 0.06517976978454332,
 0.023858883976266898,
 -0.02408084578612507,
 0.03106255198794261,
 0.02296809538118133,
 0.047606099998092066,
 0.025661849910369405,
 0.026059223524888653,
 0.009725924437030575,
 0.06833394651680758,
 0.013231409660218255,
 0.015688210807275768,
 -0.019897869507879272,
 -0.018889401196297978,
 0.03787017173906815,
 0.016648682505208956,
 0.0012495852888431136,
 0.013055639260912688,
 0.016485583063854614,
 0.008488026139442162,
 0.004957096115689841,
 -0.006749974781078277,
 -0.019814165934055966,
 -0.0017745265180424963