0.01667032769282728,
 0.011266769390548714,
 0.029379696442880077,
 0.01706568977820859,
 0.016734610316983367,
 0.020099152870783746,
 0.04356630727004218,
 -0.0004950687767094619,
 -7.6306495154152e-05,
 0.025444371291685752,
 0.02905019097765482,
 0.018826292111798204,
 0.00031746079441391517,
 0.019582220898675978,
 0.016374822811736855,
 0.00976486121842568,
 0.027152203359451343,
 0.013298342526613938,
 0.017842411727812202,
 0.03575187651432768,
 -0.00010301067814866283,
 -0.0008226028908157879,
 0.005876768998427762,
 0.005043649541647599,
 0.0196441391345199,
 0.005720313138003308,
 0.0005761848719856508,
 0.00820275695554823,
 0.02768475596668954,
 0.01960885780343789,
 0.04388134080004198,
 0.0076322536296171695,
 0.031041700411133966,
 -0.0025904970571962727,
 -0.01575886340764271,
 0.008328956687843447,
 0.010599929449948142,
 0.018194879850256362,
 0.015803997134335723,
 0.011881829975579905,
 0.024797974989314964,
 -0.008250442553323412,
 0.039309188941529905,
 0.003865306871947305,
 0.003788864445016804,
 0.03996998745612029,
 0.025183370269950572,
 0.010996044444921416,
 0.025108737670749504,
 0.03020425411685068,
 0.01748037740223163,
 0.018496216982887004,
 0.052849489540407524,
 0.0015656620831424606,
 0.014711077903216574,
 0.012338860867864787,
 0.013016646818998778,
 0.003121397509825319,
 0.011894331525679147,
 0.014799586424767641,
 -0.0038032401842948696,
 0.023687263252155866,
 0.009194503646310248,
 0.030828184417788007,
 0.009259109873416549,
 0.0018363334311088386,
 0.019062677784455195,
 0.011371479486225633,
 0.015229234095982203,
 0.02802077049243268,
 0.010991085677560297,
 0.036824904490041166,
 0.0027957744891826675,
 0.007894449114522917,
 0.013036174128605749,
 0.020442306559542878,
 0.008856569499294142,
 0.015250362827134656,
 0.023117832449827957,
 0.00922835257638871,
 0.009056098567231382,
 0.006561496608859879,
 0.004850953966823168,
 0.017643806995955358,
 7.8998659760382e-05,
 0.00444750046502973,
 0.04314935720865065,
 0.02150888767265724,
 0.007409193371777312,
 0.017050023874442877,
 0.025883706569263976,
 0.020746253648695145,
 0.019369577269717664,
 0.01344261228680177,
 0.0395311864083584,
 0.013980345755589929,
 0.02126655040297959,
 0.012488592104510143,
 0.015299087321311355,
 -0.0007127510394088071,
 0.01812514141674304,
 0.038689150438320385,
 0.03439402311555628,
 0.02627089849711922,
 0.018583264474685834,
 0.009561118245750773,
 0.030088366026930213,
 0.013230199986645319,
 0.013821063967883934,
 0.002088655513493687,
 0.014625992423143885,
 0.0032918449280754103,
 0.0034561981909151385,
 0.02173444145371284,
 0.002939828070150363,
 0.018592512362954505,
 0.020794946080395338,
 0.014125411134004895,
 0.025618165433741596,
 0.017762512043078438,
 0.01777870575062951,
 0.026593317283844675,
 0.015694189393505864,
 0.01159388001554107,
 0.017909269772111575,
 0.009272448894421637,
 0.026466042990212893,
 0.013925795081654369,
 0.02258582797952914,
 0.029420599983783602,
 0.037303930515014516,
 0.02244609536587766,
 0.01368505000858522,
 0.01703484551472828,
 0.0338651809794866,
 0.007321510488209712,
 0.003137425714476505,
 0.018599644848424135,
 0.018576877614024934,
 0.039210028784149864,
 0.013549520482772415,
 0.01650958948837633,
 0.01276349754845843,
 0.02459252309572102,
 0.014840385151957403,
 0.026733836579002523,
 0.02320610470800888,
 0.006626962367104583,
 0.015350451317345803,
 -0.0015905740852029883,
 0.019337189745533275,
 0.0029640447334783465,
 0.04137726892790371,
 0.007354895948213702,
 0.014544547629394222,
 -0.0020351511823679808,
 -0.00968858101533876,
 0.02172722683674827,
 0.01249460517780826,
 0.020175978768410402,
 -0.00336982320522361,
 0.0015420529394651883,
 -0.0010296977438294386,
 0.016536867082570295,
 0.009090908727774072,
 -9.775193881633726e-05,
 0.035014314987313055,
 0.026006636511275185,
 0.03777161213894614,
 0.012338917208008948,
 0.00817719237685055,
 0.009314917525844506,
 0.00934429503872864,
 0.01677860254979391,
 0.014509202601956539,
 0.017347554378157826,
 0.01909766561021442,
 0.013822640570150313,
 0.03542660453153623,
 0.008184480067821548,
 0.04211710415235803,
 -0.018305209380771847,
 -0.007379242662603702,
 0.01611155082990523,
 0.009241575821748338,
 0.008282580581311066,
 0.018921422311412528,
 0.02316561120839511,
 0.026376257309313977,
 0.023192688159707375,
 0.017048701150409434,
 0.00957893067300647,
 0.0037547647068643247,
 0.02418758684596911,
 -0.00432082105177807,
 -0.004063515230272596,
 0.030094893973214243,
 0.008845467450301403,
 0.01073906905811206,
 0.022267161932165103,
 0.01203246131424729,
 0.036101576927846435,
 0.005494575547065783,
 -0.002325064448355464,
 0.016107264182215364,
 0.00645640918326465,
 0.02257182492568155,
 0.0054692285037011845,
 0.0022645818428533027,
 0.027600964983037546,
 0.014834463653750796,
 -0.00010366084529356279,
 -0.004613777281746001,
 0.018611087084573374,
 0.012225244486458592,
 0.00593943833943833,
 0.022459391335660883,
 0.04008137955252211,
 -0.006552416008470563,
 0.031602934993608806,
 0.00430943235367065,
 0.003026588553590448,
 0.019905169031532388,
 0.002847853643464182,
 0.005259143127508414,
 0.02947620514251381,
 0.002679818708070672,
 -0.0018131236929875422,
 0.03562860362293957,
 0.027346489383012762,
 0.019878488080929513,
 0.011436609646863605,
 -0.012596005476666394,
 0.021116943389188236,
 0.018937293573124014,
 0.018107423067384,
 0.014113111612662599,
 0.01144940959106,
 0.007389792537106921,
 0.020535413745325803,
 0.023579715401785606,
 -0.0051683321290254824,
 0.02266337974091881,
 0.0043127079517704114,
 0.020286067282997755,
 0.014947099168192923,
 0.018282346098996594,
 0.0028902648560570343,
 0.03209238436259923,
 0.022593898153712544,
 0.022206671626984087,
 0.023597727494944265,
 0.032809376466811424,
 -0.005769136135126085,
 0.027083290799777116,
 0.011624718060802008,
 -0.004476097529857309,
 -0.006511039448832412,
 0.013227127272683936,
 0.012363374434810004,
 0.023858197878510373,
 0.045334928470881275,
 0.012729436980120606,
 0.012410961654687247,
 0.0031706195644499724,
 -0.001535402298439431,
 0.011893396338904183,
 0.008268909286180404,
 0.017186411131023704,
 0.02970597937925501,
 0.0190006093082265,
 0.027078345650660196,
 0.011466136869485721,
 -0.011902158632383232,
 0.003568184809981667,
 0.012286798580109115,
 0.02401742956562347,
 0.026596112172332882,
 0.026280513166304142,
 0.018455346828735508,
 0.032407395821409446,
 -0.0012161771930326599,
 0.024945304749503978,
 0.02148396958943838,
 0.014680457899305582,
 0.007672039966327079,
 0.03795983049068985,
 0.01766000786950289,
 0.010002923068960667,
 0.0019137203454098195,
 0.015322409605368681,
 0.005526991579384133,
 -0.0026680328782799356,
 -0.008958965296855928,
 0.012242181180364853,
 -0.0031796765300670105,
 0.004437962108421123,
 0.024754673911125014,
 0.005474324633699623,
 0.034115986533240134,
 -0.006551686797361511,
 0.01774566587037492,
 0.01581829019536496,
 0.0026161512215796337,
 0.007972634071657492,
 -0.0028388200527670465,
 0.01826732894593741,
 0.014403899524132957,
 0.039194919490231905,
 0.021927301778083053,
 0.0244877717443146,
 -0.00016213903917405847,
 0.0024033115793534177,
 0.014771683383890455,
 0.03740545706463677,
 0.033146899801587304,
 0.01283189847804106,
 0.027804451200257152,
 0.011293364740728035,
 0.007520961812709892,
 0.010569210379464289,
 0.02637576962879895,
 0.01908830819787849,
 0.02326750938406208,
 0.01856957173143703,
 0.016788200525602873,
 0.010271286087138634,
 0.02107880357916298,
 0.022414115739945673,
 0.021253111585679947,
 -0.01765059082627443,
 0.024916553330567026,
 0.01772444411057683,
 0.025409820116949255,
 0.03608837049994276,
 0.03753320425776474,
 0.010977854865403758,
 0.022263891154418486,
 0.013562460651327934,
 0.0256387467658597,
 0.0038027931595314424,
 0.012580429474037202,
 0.019953693051739885,
 0.02183767480349519,
 0.019784280205471627,
 0.01280150872348118,
 0.010424747691544556,
 0.02634397881849053,
 0.010655858134769158,
 0.018503270411229407,
 0.006812210310305933,
 0.002796446576427053,
 0.013722101254864935,
 0.01607176369095309,
 0.03826349642408072,
 0.01580728665865394,
 0.006862722200759286,
 0.022766465869200225,
 0.008445106401069657,
 0.005319182965763891,
 0.010536608870321484,
 0.029979563432444345,
 0.0447570476452801,
 0.01963527423639727,
 0.032000608294700084,
 0.01199611348636509,
 0.01963548668803039,
 0.029756463271996048,
 0.020995047394704397,
 0.006502237806681188,
 0.007481149183932334,
 0.012054544771634645,
 -0.005423441089514133,
 0.0151514193543002,
 0.013071050556577424,
 0.011308514625660182,
 0.02452513867425976,
 -0.009998270265609746,
 0.013725420801961874,
 0.01464965528142742,
 0.0014093901432768638,
 0.020343822833746097,
 0.02996639885721908,
 0.05049909811966702,
 0.015257065411801718,
 0.01907401300413991,
 0.02690411175738326,
 0.008082473529420188,
 0.023248436605711992,
 0.019981962270585296,
 -0.001804770609165146,
 -0.0022438152234050823,
 -0.0031962928189682716,
 0.020702773485195336,
 0.019985294917343466,
 0.01725389629359364,
 0.008212096616491027,
 0.023156656771850942,
 0.0015898142981151109,
 0.025929483304239193,
 0.027308397662450412,
 0.017919292832818234,
 0.002027691091460726,
 0.03166961716126755,
 0.01964699510561997,
 0.03334184689550901,
 -0.00452667482257324,
 0.010809624632223902,
 0.04852631949213976,
 0.01864764625660184,
 -0.0018982897636218299,
 0.010133080670096689,
 0.029048957856379842,
 0.026394147970982412,
 0.013160970469417776,
 0.040574907495477985,
 0.025582623042820385,
 0.016133098493303688,
 0.0008771434891063357,
 0.008356134509469648,
 0.020168141526442362,
 0.008090693800557061,
 0.003093925280448717,
 0.014097851198778471,
 0.008114468029800093,
 -0.0006084709940666899,
 0.03704195876685756,
 0.02450913860987103,
 0.03871977604643623,
 0.027686814259958892,
 0.017885084706959712,
 0.019236713563129587,
 0.017344716217305656,
 0.0299917212778541,
 0.022955443829174305,
 0.02766463961385837,
 0.023356167665884442,
 0.008905206894347567,
 0.05011295667325261,
 0.0043736450344360744,
 0.007848570689293455,
 -0.016723900025755467,
 -0.0003224791213560785,
 0.018606373581843694,
 0.0036360417143620483,
 -0.005621071062124061,
 0.01910884176587324,
 -0.007009310253548534,
 0.0050906081873854925,
 0.01517538943261601,
 0.028813461657699935,
 0.005215657015510522,
 0.0001738444010415119,
 0.024617861793154762,
 0.018025404277796864,
 0.028868620805193035,
 0.010158501042143664,
 0.009582933586595677,
 0.025050909550518696,
 -0.0066501025450244056,
 0.01805983555832197,
 0.015437117542830447,
 0.02847402182778158,
 0.04945706607186469,
 0.038065193237751815,
 0.030523444892780804,
 0.008684139623397424,
 0.010001600941192068,
 -0.009269374034168942,
 0.0050745586986797875,
 0.019296721104053394,
 0.010874505815728464,
 0.021436864936278832,
 -0.009612102936126354,
 0.017910249971382797,
 0.005814947427789226,
 0.011213114972050506,
 0.010129960317460274,
 0.008375211171207209,
 0.018053022454975587,
 0.013927398856793435,
 0.01212606855492604,
 0.016262120453600093,
 0.02982457068213895,
 0.023439846421266175,
 0.01917040741376652,
 0.009433584032070286,
 0.0038192026126893097,
 0.005544267911992529,
 0.0008307723309676218,
 0.009256601455185365,
 0.017671188186813125,
 0.012086599571218715,
 0.01481349519577524,
 0.010031614824621782,
 0.01131630524274177,
 0.004022838327037551,
 0.020013852976017876,
 0.011300332675137359,
 0.03212580546431376,
 0.006697215604491102,
 0.010324741848862895,
 0.027566725868532593,
 0.020279621024591743,
 0.009073140954097975,
 0.013137409140338827,
 -0.009595809426034052,
 0.02581248020642546,
 0.01890542915205423,
 0.021421632022091408,
 0.017461854704338527,
 0.04731088521396143,
 0.0172507179344093,
 0.01742910794175445,
 -0.0025154330857944385,
 0.02881322165929523,
 0.0021593556750576226,
 0.013375444639995404,
 0.013462608864659664,
 -0.008647085336538352,
 0.0004911121484851844,
 0.016405378052160358,
 0.02422387027495898,
 0.027269016438205923,
 0.045859344709747826,
 0.014087124697134523,
 0.0064751899467719795,
 0.0010589969740753546,
 -0.006693659975007593,
 0.010397357319329947,
 0.019490833130628056,
 0.011989628703544752,
 0.019255646381604152,
 0.0025581375399638118,
 0.033535983108688217,
 4.41417577647929e-05,
 0.029816821497729684,
 0.01657041379302121,
 0.027089620478643384,
 0.014277518195779909,
 0.02208380426539608,
 0.001752496232798828,
 0.03143340648609205,
 0.014334605785924104,
 0.010440605742998321,
 -0.0003855279793681943,
 0.002141566144370499,
 0.022631267249940856,
 0.026104422722650122,
 0.03354609335646522,
 0.009219987038786015,
 0.004743107185782913,
 0.019087067701179072,
 0.013908498782904288,
 0.04924726138555724,
 0.028894891483382867,
 0.020397819725847033,
 0.03134069767580505,
 -0.004395842574309361,
 0.014628322279933548,
 -0.004556165400354861,
 0.01900304947709963,
 0.023432176875753608,
 0.004695279709439837,
 0.019676403972546525,
 0.00976665992969708,
 0.01871895741519769,
 0.0195948835292103,
 0.01592092156974967,
 0.012928664041272964,
 -0.002176704297733534,
 0.025349203845199897,
 0.02410020968072729,
 0.017914832780067003,
 0.04700386099902701,
 0.023355150144993883,
 0.028542623435592218,
 0.02201993266607516,
 0.01508943690857767,
 0.02779656032986108,
 0.014197051115117487,
 0.027856958395337306,
 0.0051077581272892525,
 0.003651779573508096,
 0.03871151901429548,
 0.011113505418192837,
 0.009395129094908139,
 0.007557685928437974,
 0.020205933287821637,
 0.0363196400550404,
 0.021765130816449152,
 0.03626479765276791,
 0.02560606017246643,
 0.021203144316620876,
 0.010080054098462299,
 0.019867922277121086,
 0.030808719889819758,
 0.008269617291011527,
 0.003532557568299767,
 0.011875306502308447,
 0.01083730051415599,
 0.04765004250848959,
 0.020869143248244848,
 0.012656782936030953,
 0.0156854769416781,
 0.005743828599626799,
 0.015491206585298345,
 0.02650932388221805,
 0.005042298689808433,
 0.008643530181016434,
 0.0022275436537389504,
 0.02339256414259039,
 0.03120318157862101,
 0.0024808921655601335,
 0.02369467217122423,
 0.014140968585450997,
 0.017424830204517683,
 0.009178334783846887,
 0.029451177359966413,
 0.03247628789396369,
 -0.0056570863977601915,
 0.03528057350093483,
 -0.007332530262706083,
 0.009346575651995648,
 0.0009748681539260007,
 0.024917895677747826,
 0.044287215079842124,
 0.014057337871546866,
 0.01874511098710313,
 0.0223888078067766,
 -0.004938988098077454,
 0.0149206168560172,
 0.006649908186431741,
 0.018141519109146076,
 0.026096064476972665,
 0.026614356661133987,
 0.006400006200396838,
 0.0012508124308416857,
 0.010496828050109153,
 0.008702983523637853,
 0.027601427879845847,
 -0.00032670544256196976,
 0.030554474275705235,
 0.019770953048687423,
 0.015129418140453321,
 0.005152608014562299,
 0.02969314909808074,
 0.009790283560883906,
 0.01814634951636901,
 0.02453791500925273,
 0.020460486067915035,
 0.014068563804388923,
 0.0210122079852737,
 0.00021033582303109366,
 0.005470712008260992,
 0.008091082788267867,
 0.022654660015548722,
 0.023934619325467144,
 0.01958580609928251,
 0.025528054169703635,
 0.020675406437942412,
 0.022791532377894552,
 0.010445196884254049,
 -0.00591220623821781,
 0.007541152553583896,
 0.019126520885798193,
 0.016895011542277127,
 0.011215237761784097,
 0.00568315373638606,
 0.034804255916609295,
 0.021725384305364775,
 0.019909737723214305,
 0.012254349876469006,
 0.015847746215373132,
 0.014458355571295031,
 -0.012825122478753892,
 0.0013766275445474818,
 0.015202524634653547,
 0.023628951143257748,
 0.007838676048344095,
 0.015650368920961166,
 0.025898275971863893,
 0.02384028063949939,
 0.013035447549412327,
 0.031177884376907827,
 0.01340049227573642,
 -0.0005996464626709663,
 0.009536730316124897,
 0.02269874465811969,
 0.011754007066067773,
 0.02358566712692689,
 0.011936637906364456,
 -0.007740652603689835,
 0.007913688866472035,
 0.009219651621165281,
 -0.0011865378653464626,
 0.011319048334477999,
 0.014530714142628243,
 0.008992146303132633,
 0.006439068044585661,
 0.019636381126469038,
 0.024747855056611756,
 0.027286414453601956,
 0.005904433956279098,
 0.0029847492893391447,
 0.035870448193299764,
 0.02566227404323107,
 0.006866924785726258,
 0.01100814491762947,
 0.013907167323591485,
 0.005938642125019045,
 0.015215265317364945,
 0.029467050018124274,
 0.018388267239487943,
 0.011843519752344961,
 0.019834450564638936,
 0.020454828916742995,
 0.010064104829632214,
 0.007544694546989472,
 0.002746292043459886,
 0.01998630982190558,
 0.00631510911506028,
 0.020334743804372613,
 0.017995609344471253,
 0.006335080652854097,
 0.030353293841575105,
 0.015796283935248796,
 0.032454504051720845,
 0.007271060720963063,
 0.0008621999237735656,
 0.03609081834506642,
 0.026858993854452784,
 0.029348534249927505,
 0.04141854861752431,
 -0.0035503081120267788,
 0.019647718850160284,
 0.019494307141426304,
 0.0026490309495192307,
 0.031652953892895325,
 0.01702810822110834,
 0.010902503589075907,
 0.028349058277252592,
 0.01529058398199018,
 0.03574482290712755,
 0.03877896956559067,
 0.02906959820236199,
 0.0022257627896415944,
 0.0037312990666018564,
 0.028817025798947127,
 0.011462490460927954,
 0.037895840904971834,
 0.023138533064553046,
 0.005151827865060299,
 0.01704578261153629,
 0.019546849900316854,
 0.007199147385817339,
 0.03031517642513737,
 0.007175367075415995,
 0.027950987301229177,
 0.017886007612179455,
 0.010779925917181785,
 0.011504279764289582,
 0.028244447186927646,
 0.03303618406146014,
 0.015259411725427274,
 0.025295142764136913,
 0.016000693575222852,
 0.018891681392609105,
 0.011263152591765913,
 0.004913484074519081,
 0.007541745960203017,
 -0.0033737590536848105,
 0.004732377512898456,
 0.04024543389355195,
 0.006188283515529636,
 0.01684581163194465,
 0.01710182977287468,
 -0.002225169863918068,
 -0.00710558470934447,
 0.02038211310716187,
 0.028660023239564264,
 0.024245996391846047,
 0.010137615542010092,
 0.017146859558627135,
 0.006599093427062996,
 0.020740896974266176,
 0.019674597097907642,
 0.01729378243284485,
 0.02333869190705129,
 0.03136591826684604,
 0.020770663001278222,
 -0.010881195508050973,
 0.02490178082551131,
 -0.0076068837520986005,
 0.015638361131596057,
 -0.007298893408024268,
 0.010734014303838524,
 0.017562615317613495,
 0.011377700511294386,
 0.029730076854955968,
 0.016341401599702376,
 0.011841570143181324,
 0.02277469987694597,
 0.022198021000267076,
 0.011432928161248523,
 0.027130882569700976,
 0.03066279785752446,
 0.03876166527157743,
 0.03779386029552048,
 0.022199246118554616,
 -0.001797583156860516,
 0.021481439469818384,
 -0.0210751454708486,
 0.013507130820260005,
 0.015989387410655698,
 0.013344223555307552,
 0.006034579781185129,
 0.024670730192116908,
 0.011870083498538436,
 0.007434706303895977,
 -0.010342340005914219,
 0.01784625549689034,
 0.013388422666124222,
 -0.004452232023618663,
 0.019628175676320136,
 0.02750890520070204,
 0.011767628145508996,
 0.004745267368265416,
 0.030733006322019973,
 0.009016275147378572,
 0.012160619729662703,
 0.01426780068347433,
 0.031626196077388494,
 0.031035410585508294,
 0.026982024214934452,
 -0.0066105521214896434,
 0.003641685983287457,
 0.02776818749284571,
 0.019881877313224994,
 0.025309762405563152,
 0.024612754752842747,
 0.02154846623645451,
 0.027716594587053573,
 0.019837203865856967,
 0.03238731304713249,
 -0.01209239115918792,
 0.001441830679086542,
 0.01198401115863637,
 0.03410088856456045,
 0.025745851457570246,
 0.025705164632459587,
 0.01528084882240155,
 0.031139063632764807,
 0.004670277904715928,
 -0.0031432608840812337,
 0.003523054280608888,
 0.0329537123506476,
 0.015954069960465278,
 0.008194119221707125,
 0.007198365718482896,
 -0.003010224037030676,
 0.013836098352602244,
 0.020259216234069788,
 0.01885989726419418,
 0.012588573884841747,
 0.00014336843711848513,
 0.014362074020814353,
 0.020981340203849966,
 0.013852679644574206,
 0.03852000367254271,
 -0.007551992592910561,
 0.01458109541238628,
 0.017253276492387837,
 0.014360530598958338,
 0.014710806500622023,
 0.01604874679448043,
 0.005908595944254524,
 0.017823273968414183,
 0.023364021303132643,
 0.0014935183794070328,
 0.012026167522798364,
 0.03529852215926438,
 0.01740629090376572,
 0.01486159113740615,
 0.01996966395469535,
 0.01964971490098444,
 0.0063885327705809,
 0.019986239460423383,
 0.012701739996107575,
 0.017223054387019238,
 0.007251321936526889,
 0.009407109410771539,
 0.019776227380475575,
 0.0010689332098023432,
 0.00836696273798121,
 0.022453776926126157,
 0.01812881765586842,
 0.0128175149286478,
 0.0021133060515872715,
 -0.014609214266636125,
 0.005566670037550403,
 0.028001853203220406,
 0.011081436131143207,
 0.021711524940087323,
 0.003554048739888599,
 0.011497124148637794,
 0.011642818867330623,
 0.022085418458998363,
 0.01772547375027661,
 0.034684510417700154,
 0.009923929788149502,
 0.011324077196734894,
 0.027422221029838212,
 0.0264293199623733,
 0.023203921452896063,
 0.0003981126945971081,
 0.030056558936721434,
 0.013737783787393154,
 -0.004804500951522447,
 0.02048768678695434,
 0.035859091177952135,
 0.016255798026842738,
 0.03371059641855545,
 -0.0009473292983058768,
 0.0347080976397931,
 -0.006149070417429736,
 0.023108985865480047,
 0.014637582691830686,
 0.009298337101266818,
 0.02375328026139295,
 0.010273197353861424,
 0.0021713930987834473,
 0.00013260508480234662,
 0.013164645319035162,
 0.028045771015710874,
 0.011596917031536175,
 0.030213760409512347,
 -0.010281912190457043,
 0.011897881550957723,
 0.012721834578182212,
 0.008465799386160766,
 0.009203105027567937,
 0.028344239056394216,
 0.025629570288652204,
 0.023056513099530607,
 0.012922161882372718,
 0.03563014588453256,
 0.019323578260931784,
 0.012911088992387826,
 0.015534202402415431,
 0.005004379028365091,
 0.011659296823721188,
 0.007632954274458148,
 0.013158975367638659,
 0.011705362925919574,
 0.031294085834954966,
 -0.012183898500942564,
 -0.005330506809582691,
 0.003637485009902769,
 0.026512213321843725,
 0.005624033514375237,
 0.033333788979022935,
 0.03024927747491224,
 0.01736311513062494,
 0.019130597912882352,
 0.013235641788766794,
 0.015258043643639307,
 0.023501216649019385,
 0.023981167661792868,
 0.011883390210050415,
 0.014918415501406213,
 0.028738784078334856,
 0.027250703622284878,
 0.029925307694692427,
 0.006088934356730448,
 0.0029880906241413485,
 0.014920257452833097,
 0.008299208929518631,
 0.009238933653137965,
 -0.0023017872643849024,
 0.029873241412450402,
 0.014081055104834483,
 -0.0021468232919159835,
 0.008720720414568117,
 0.02363840904147331,
 0.013712170902014681,
 0.030749643238705743,
 0.005311886831086299,
 0.018337118854452883,
 0.024416047733859747,
 0.018343488748664538,
 0.029329515340462464,
 0.003362352502098598,
 0.029656955414377295,
 0.0034773793231583916,
 1.7088353269995027e-05,
 0.00985518293555403,
 0.014811719226953679,
 0.007001125628701643,
 -0.001106041690514259