0.09198852539062519,
 0.09066333007812488,
 0.09122534179687491,
 0.10067065429687494,
 0.10223022460937503,
 0.09508569335937489,
 0.09405346679687476,
 0.0972443847656248,
 0.09174438476562496,
 0.08933007812500005,
 0.09427197265624987,
 0.08416674804687485,
 0.09435424804687509,
 0.09386694335937484,
 0.08923095703124995,
 0.10523657226562488,
 0.09337255859374993,
 0.09507885742187505,
 0.0913210449218751,
 0.08752539062499975,
 0.09894506835937489,
 0.105118896484375,
 0.09684814453125001,
 0.09755566406250016,
 0.08674609375000009,
 0.09771337890625009,
 0.08751586914062504,
 0.09109936523437512,
 0.09644140625000008,
 0.09807739257812487,
 0.09194921874999995,
 0.0971542968750001,
 0.09364794921874986,
 0.09480444335937488,
 0.10310107421875014,
 0.08662280273437495,
 0.09750000000000014,
 0.09576171874999995,
 0.09200830078125,
 0.1005429687499999,
 0.08756665039062506,
 0.08002978515625003,
 0.10602954101562512,
 0.08990576171874987,
 0.09597973632812495,
 0.09705932617187507,
 0.09152636718749996,
 0.09900952148437492,
 0.0896496582031251,
 0.0967902832031251,
 0.09872363281249996,
 0.09957934570312488,
 0.10105224609374996,
 0.09800805664062495,
 0.09161694335937498,
 0.08810180664062506,
 0.09333984374999993,
 0.09818798828124997,
 0.09216088867187477,
 0.09688500976562486,
 0.08986254882812483,
 0.09652124023437492,
 0.10545947265625011,
 0.0865009765625,
 0.08347485351562467,
 0.09585473632812502,
 0.09465405273437488,
 0.09580126953125012,
 0.09736035156250011,
 0.10012500000000002,
 0.0908371582031251,
 0.0919526367187502,
 0.09754907226562493,
 0.09176953124999998,
 0.08277880859374998,
 0.10297583007812483,
 0.08827075195312495,
 0.09772094726562486,
 0.09131567382812489,
 0.09336547851562482,
 0.09717871093749986,
 0.09639770507812506,
 0.0922978515624997,
 0.08936840820312497,
 0.09768579101562502,
 0.11010913085937479,
 0.09283593750000008,
 0.09487011718750005,
 0.0999135742187498,
 0.09414062499999998,
 0.09367944335937484,
 0.09684252929687487,
 0.10380688476562505,
 0.09833374023437491,
 0.08940185546875001,
 0.09102221679687506,
 0.08828344726562487,
 0.08781030273437485,
 0.08832470703125006,
 0.09950830078124995,
 0.08944555664062492,
 0.08954321289062506,
 0.088498779296875,
 0.09029028320312493,
 0.09229003906249988,
 0.08506372070312485,
 0.093324951171875,
 0.09715063476562502,
 0.0957058105468751,
 0.10590893554687497,
 0.08040649414062506,
 0.09519702148437514,
 0.09506152343749996,
 0.09031762695312517,
 0.09878149414062509,
 0.08784912109374998,
 0.091841552734375,
 0.09060131835937502,
 0.10310742187499988,
 0.09347143554687509,
 0.09579589843749992,
 0.08223657226562509,
 0.09863085937499994,
 0.08597338867187498,
 0.08298608398437501,
 0.09693774414062517,
 0.08975219726562522,
 0.08341625976562506,
 0.09132153320312497,
 0.10614770507812521,
 0.09844946289062495,
 0.09345971679687481,
 0.10016943359374975,
 0.09405322265625016,
 0.09423413085937504,
 0.09106225585937511,
 0.08197143554687492,
 0.09978881835937492,
 0.09214965820312493,
 0.09412524414062484,
 0.0925234374999998,
 0.09354516601562501,
 0.10012866210937477,
 0.09292944335937481,
 0.09524121093750004,
 0.08185229492187496,
 0.09732153320312498,
 0.08391064453125008,
 0.09382153320312492,
 0.10485131835937489,
 0.08973510742187485,
 0.09272290039062503,
 0.09039404296874987,
 0.09661499023437481,
 0.08819555664062506,
 0.09986425781249975,
 0.10187182617187496,
 0.0934460449218748,
 0.08959155273437502,
 0.09847265624999979,
 0.097123291015625,
 0.08071997070312498,
 0.09697192382812503,
 0.0861948242187498,
 0.09414355468750002,
 0.09601025390625018,
 0.09417871093750008,
 0.08868457031249988,
 0.09160034179687515,
 0.1014213867187499,
 0.09490234375000006,
 0.09467993164062505,
 0.09104077148437506,
 0.09493505859374995,
 0.10164379882812513,
 0.09112182617187481,
 0.09495410156250017,
 0.09078466796874984,
 0.09281127929687494,
 0.09201635742187497,
 0.09451953124999979,
 0.08995410156250006,
 0.09175927734375022,
 0.08785815429687482,
 0.08665893554687498,
 0.09385034179687513,
 0.09648559570312498,
 0.09856250000000011,
 0.09178906249999985,
 0.09192700195312475,
 0.09523315429687496,
 0.09416284179687495,
 0.10156103515625003,
 0.10694628906250014,
 0.08482885742187485,
 0.08699169921874983,
 0.08531152343749993,
 0.09054296874999967,
 0.10124291992187484,
 0.10605541992187484,
 0.08369433593749975,
 0.09199853515625,
 0.09703662109374989,
 0.09634374999999995,
 0.09892895507812483,
 0.09608374023437505,
 0.09523461914062503,
 0.10053271484374982,
 0.09217773437499976,
 0.1046376953125,
 0.09414843750000002,
 0.08637475585937471,
 0.09326586914062474,
 0.09546606445312478,
 0.09943530273437506,
 0.08204980468749978,
 0.09668066406250009,
 0.09447192382812497,
 0.089740234375,
 0.09497827148437499,
 0.08957153320312483,
 0.10534252929687471,
 0.09560351562499991,
 0.08512329101562499,
 0.08811206054687482,
 0.09824584960937499,
 0.10232861328124976,
 0.08589843750000004,
 0.10072583007812497,
 0.09535229492187502,
 0.09510058593749982,
 0.09363940429687512,
 0.08782836914062497,
 0.10013574218749999,
 0.08452270507812498,
 0.09525122070312508,
 0.094175048828125,
 0.08485229492187485,
 0.10345532226562493,
 0.08552856445312507,
 0.09371166992187485,
 0.09152197265624995,
 0.0895397949218748,
 0.08333496093750004,
 0.08944360351562497,
 0.0914562988281249,
 0.09396874999999993,
 0.10339184570312487,
 0.09221459960937495,
 0.08737133789062479,
 0.09435839843749994,
 0.09062500000000018,
 0.0930305175781252,
 0.08896582031250011,
 0.08768603515625006,
 0.08923095703124995,
 0.09625976562499994,
 0.09328247070312479,
 0.09695727539062493,
 0.09378637695312508,
 0.08649902343750004,
 0.09210668945312506,
 0.09562988281249984,
 0.08937963867187482,
 0.102156494140625,
 0.09396557617187484,
 0.0942868652343749,
 0.09370703125000002,
 0.0843457031249999,
 0.09058691406249997,
 0.09894702148437484,
 0.09395385742187479,
 0.08891333007812507,
 0.09354101562499995,
 0.09102416992187501,
 0.09637988281249976,
 0.08518823242187512,
 0.09876293945312486,
 0.09016235351562485,
 0.08455834960937492,
 0.09021020507812505,
 0.09661572265625007,
 0.09709765624999989,
 0.08972290039062492,
 0.08748266601562493,
 0.10613281249999984,
 0.10941284179687494,
 0.0939157714843748,
 0.10013403320312497,
 0.09425341796874986,
 0.09141479492187488,
 0.08791308593750014,
 0.09218554687499991,
 0.0922209472656248,
 0.09309033203125006,
 0.09149926757812477,
 0.09472656249999989,
 0.0932307128906249,
 0.09427832031249994,
 0.10002832031249986,
 0.09912841796875005,
 0.09660473632812494,
 0.0910454101562499,
 0.09797851562500004,
 0.10020922851562508,
 0.09508154296875004,
 0.09493115234374994,
 0.08973876953124993,
 0.08842114257812494,
 0.09151782226562477,
 0.08859619140625008,
 0.09218969726562498,
 0.0841662597656252,
 0.08292211914062508,
 0.09562109374999994,
 0.1009521484375,
 0.09462915039062492,
 0.09008422851562481,
 0.09250805664062467,
 0.100940185546875,
 0.09884301757812486,
 0.1017712402343749,
 0.098151611328125,
 0.08907983398437525,
 0.09417846679687492,
 0.09788989257812486,
 0.08598364257812507,
 0.08451123046875009,
 0.09124609375000003,
 0.0869450683593751,
 0.08555493164062478,
 0.09847827148437505,
 0.09531396484374977,
 0.08744921875,
 0.09003637695312494,
 0.0926291503906248,
 0.0924536132812499,
 0.08749804687499985,
 0.08435961914062484,
 0.09778247070312496,
 0.08999755859375003,
 0.0976982421874999,
 0.08860131835937479,
 0.10708642578125005,
 0.09507275390625014,
 0.1002116699218748,
 0.08184619140624982,
 0.09339306640624989,
 0.1002082519531251,
 0.0881948242187498,
 0.08832104492187476,
 0.09861962890624998,
 0.09742529296875013,
 0.0953288574218748,
 0.0857680664062499,
 0.0965124511718749,
 0.08955200195312485,
 0.09376879882812517,
 0.08958886718750003,
 0.09085693359374991,
 0.0950922851562499,
 0.10476708984375005,
 0.10617871093750009,
 0.10065429687500016,
 0.09286865234374986,
 0.09557714843749987,
 0.09070874023437492,
 0.10445678710937512,
 0.10082666015624986,
 0.08887329101562491,
 0.09942333984375018,
 0.09067553710937493,
 0.10021191406250018,
 0.090038818359375,
 0.0903784179687499,
 0.1013854980468748,
 0.09543798828124994,
 0.09396313476562512,
 0.097484619140625,
 0.09485473632812536,
 0.09439843749999977,
 0.10068530273437504,
 0.09183154296874996,
 0.09055419921874996,
 0.08944360351562497,
 0.09689111328125,
 0.08792138671874983,
 0.10717651367187486,
 0.09826147460937484,
 0.09140942382812489,
 0.09079907226562489,
 0.09206689453124983,
 0.0969123535156251,
 0.09347241210937507,
 0.09176928710937493,
 0.09506079101562503,
 0.10039599609374994,
 0.0996142578125,
 0.0953647460937499,
 0.09502832031249997,
 0.09951196289062503,
 0.08973120117187505,
 0.08530712890625014,
 0.09446313476562485,
 0.080845947265625,
 0.09297314453125005,
 0.0943762207031249,
 0.09162963867187512,
 0.09532763671875,
 0.08645678710937488,
 0.08847119140624993,
 0.09115283203124991,
 0.09876123046874974,
 0.0947919921874999,
 0.08534423828124993,
 0.0919091796874999,
 0.08969311523437518,
 0.09736279296874983,
 0.10035449218749992,
 0.10247656250000003,
 0.0985195312499999,
 0.08487792968749985,
 0.09696093750000001,
 0.08891870117187484,
 0.0882868652343749,
 0.09938037109374998,
 0.08728247070312478,
 0.0954160156249998,
 0.0845695800781252,
 0.08542480468750002,
 0.09952490234375,
 0.08765869140624982,
 0.09214331054687497,
 0.10400170898437489,
 0.08843383789062498,
 0.09253662109374994,
 0.0983391113281249,
 0.09536279296875005,
 0.08972534179687486,
 0.08957104492187495,
 0.09373974609375013,
 0.0913210449218751,
 0.09348828124999997,
 0.09337890625000012,
 0.09162890624999998,
 0.09002099609375014,
 0.10001684570312486,
 0.09042871093750005,
 0.08965551757812507,
 0.08980004882812498,
 0.10075903320312485,
 0.09127490234375002,
 0.09625317382812504,
 0.08785717773437496,
 0.09207690429687498,
 0.09048974609374993,
 0.09839990234375007,
 0.08415527343749996,
 0.08963696289062506,
 0.09736157226562492,
 0.09360620117187501,
 0.09466186523437492,
 0.09743139648437493,
 0.09529125976562502,
 0.10218676757812506,
 0.09527392578125005,
 0.08073779296875006,
 0.0922578125000002,
 0.09820385742187487,
 0.08470605468750003,
 0.10114135742187502,
 0.10436889648437475,
 0.08536376953125013,
 0.08988256835937514,
 0.09196533203125012,
 0.08690429687500012,
 0.08902856445312501,
 0.08789624023437514,
 0.09231445312499997,
 0.09435620117187504,
 0.10522094726562503,
 0.0887299804687498,
 0.10048266601562483,
 0.08710693359375021,
 0.1004953613281252,
 0.09325097656249981,
 0.10514819335937498,
 0.09798315429687499,
 0.09869189453124994,
 0.08911914062500004,
 0.08265283203125007,
 0.08850048828124979,
 0.08865112304687495,
 0.09346264648437508,
 0.09402954101562488,
 0.09758618164062516,
 0.09251635742187492,
 0.09617871093749975,
 0.09083984374999998,
 0.10792309570312475,
 0.09404492187500013,
 0.09302563476562486,
 0.0866269531249999,
 0.09479077148437509,
 0.08682031249999977,
 0.1010021972656251,
 0.09962011718749975,
 0.09435717773437502,
 0.1011462402343749,
 0.09727563476562495,
 0.09727539062500012,
 0.10019262695312481,
 0.08803979492187497,
 0.09852124023437481,
 0.09169946289062514,
 0.09888500976562498,
 0.09422583007812513,
 0.09391650390625006,
 0.09080273437499997,
 0.0985832519531249,
 0.08992773437500001,
 0.08923632812499993,
 0.09109814453124998,
 0.09289184570312492,
 0.08887475585937477,
 0.09171191406250001,
 0.10469067382812502,
 0.090970703125,
 0.09397045898437506,
 0.08861474609374997,
 0.09419506835937508,
 0.08992895507812504,
 0.09964086914062475,
 0.0942177734374996,
 0.09733154296875002,
 0.08279150390625001,
 0.09384545898437491,
 0.08534643554687493,
 0.09342480468749992,
 0.08472265625000008,
 0.09552099609374987,
 0.09070166015625003,
 0.09723950195312492,
 0.09561621093749983,
 0.09062670898437486,
 0.1018115234375001,
 0.10229565429687515,
 0.08622167968750005,
 0.0887097167968749,
 0.08485571289062499,
 0.09158129882812494,
 0.09531347656250011,
 0.09768139648437502,
 0.09572412109374995,
 0.09715014648437492,
 0.10347900390625009,
 0.08292333984374989,
 0.09889843750000016,
 0.08151611328124997,
 0.09285742187500001,
 0.08969482421874986,
 0.09543872070312498,
 0.09448803710937503,
 0.10088940429687487,
 0.08985791015625022,
 0.09552783203125004,
 0.09554907226562492,
 0.09255151367187509,
 0.09816406249999998,
 0.0868640136718748,
 0.09337255859374971,
 0.09261181640625005,
 0.1011706542968751,
 0.08640966796875005,
 0.09263720703125,
 0.08417016601562488,
 0.10603564453125014,
 0.08969726562500013,
 0.08587597656250012,
 0.09322167968749995,
 0.092132568359375,
 0.094639892578125,
 0.09516284179687506,
 0.08791967773437492,
 0.08937597656249974,
 0.08571728515624999,
 0.09284130859374995,
 0.0866274414062499,
 0.09380322265624974,
 0.09771264648437494,
 0.09194140624999991,
 0.10890405273437476,
 0.08418627929687506,
 0.097367431640625,
 0.09758422851562476,
 0.07587548828125001,
 0.10015014648437481,
 0.09351977539062495,
 0.08717089843749992,
 0.08897656250000008,
 0.0995734863281249,
 0.09450659179687504,
 0.08471728515624999,
 0.09102539062499992,
 0.08744189453125006,
 0.0967883300781247,
 0.09040844726562514,
 0.09272973632812498,
 0.0794252929687499,
 0.09179003906249994,
 0.10875439453124991,
 0.09957324218749997,
 0.10001611328124993,
 0.10054125976562489,
 0.09123681640624981,
 0.0911740722656249,
 0.09164111328125002,
 0.08974926757812529,
 0.08866845703124993,
 0.08595776367187513,
 0.09125830078125008,
 0.09001977539062478,
 0.0913037109374999,
 0.09078759765625,
 0.09562548828124995,
 0.0922082519531251,
 0.09651123046874988,
 0.0948666992187499,
 0.10156298828124999,
 0.10234521484375003,
 0.09886987304687489,
 0.09569311523437485,
 0.10156005859374972,
 0.09354223632812475,
 0.10182153320312504,
 0.10482275390625007,
 0.09881249999999997,
 0.08704418945312498,
 0.09170629882812498,
 0.09604296874999996,
 0.0769975585937499,
 0.09537670898437511,
 0.09169702148437497,
 0.09675659179687512,
 0.09833300781249976,
 0.09369018554687503,
 0.08530419921874988,
 0.09628857421875014,
 0.09627880859375004,
 0.09632617187499992,
 0.09056079101562486,
 0.0830776367187499,
 0.09394702148437517,
 0.08830664062500004,
 0.106222412109375,
 0.09357739257812503,
 0.09839404296874998,
 0.10156933593750006,
 0.10430786132812497,
 0.08595751953124986,
 0.10129321289062498,
 0.09125756835937482,
 0.0874340820312498,
 0.09638159179687478,
 0.09005664062500007,
 0.0950954589843751,
 0.09446777343750012,
 0.10037182617187512,
 0.09641210937499989,
 0.0937685546875,
 0.09803149414062506,
 0.10438916015624988,
 0.09712841796875005,
 0.0936269531249998,
 0.09029565429687492,
 0.08974194335937491,
 0.09686474609374995,
 0.09565551757812485,
 0.09188452148437509,
 0.10311547851562497,
 0.09236157226562491,
 0.0881506347656249,
 0.09820825195312477,
 0.09624682617187497,
 0.09873144531249989,
 0.10835009765624992,
 0.09784106445312502,
 0.10022705078125005,
 0.09170410156249986,
 0.09747143554687487,
 0.08928369140625014,
 0.09945751953124993,
 0.07965893554687486,
 0.08289257812499984,
 0.09137304687499981,
 0.09672265624999987,
 0.09652832031249992,
 0.09538574218749996,
 0.09293725585937507,
 0.10364453125000006,
 0.090015380859375,
 0.09219921875000003,
 0.09799755859374981,
 0.09796337890624995,
 0.1000622558593749,
 0.09404003906250002,
 0.09563208007812496,
 0.09734057617187497,
 0.09222460937499988,
 0.09869482421874998,
 0.0966049804687501,
 0.09595288085937503,
 0.1009079589843751,
 0.09754443359374987,
 0.09523730468749991,
 0.0922966308593749,
 0.09463623046874958,
 0.09454956054687513,
 0.09019653320312482,
 0.09107055664062491,
 0.09407128906249995,
 0.08815600585937489,
 0.09076293945312486,
 0.09438500976562492,
 0.09551049804687484,
 0.09696484375000014,
 0.09384033203124997,
 0.10338720703125004,
 0.08589038085937495,
 0.0925952148437501,
 0.09782910156249991,
 0.09810791015625009,
 0.09166772460937478,
 0.09052343749999991,
 0.0989321289062498,
 0.09106420898437495,
 0.09547387695312493,
 0.08327709960937502,
 0.08780786132812501,
 0.09034277343749975,
 0.09261035156249997,
 0.08518774414062502,
 0.09343115234374988,
 0.0934770507812499,
 0.08967724609375005,
 0.09414282226562487,
 0.09343530273437484,
 0.09022998046875008,
 0.09919824218749995,
 0.09520922851562508,
 0.09386328124999976,
 0.08958276367187479,
 0.09569433593749999,
 0.08456030273437487,
 0.10482812499999983,
 0.09418115234374991,
 0.09066162109374976,
 0.09193164062500003,
 0.092850830078125,
 0.087132568359375,
 0.09258447265624992,
 0.09182397460937497,
 0.08438208007812498,
 0.08993383789062492,
 0.09827880859374982,
 0.09751025390624979,
 0.09860424804687506,
 0.09544506835937483,
 0.08800781249999967,
 0.088794189453125,
 0.10266699218749986,
 0.10303784179687492,
 0.10364453124999984,
 0.091554931640625,
 0.0930131835937501,
 0.09418652343749989,
 0.09201586914062476,
 0.10398364257812498,
 0.09136035156250011,
 0.09639892578125009,
 0.09528930664062485,
 0.08923022460937502,
 0.09702709960937494,
 0.09409326171874999,
 0.0966442871093749,
 0.09132373046874964,
 0.08778417968749985,
 0.09113940429687495,
 0.09704882812500004,
 0.09725048828124994,
 0.09628442382812508,
 0.10539355468749989,
 0.09710668945312495,
 0.09167700195312489,
 0.0973962402343751,
 0.1008093261718751,
 0.0892023925781249,
 0.10556372070312514,
 0.08611206054687504,
 0.09199902343749988,
 0.10049609375000013,
 0.09162695312500002,
 0.08407299804687485,
 0.1000910644531251,
 0.10148828124999998,
 0.09131616210937499,
 0.09641699218749977,
 0.09415380859374978,
 0.08965551757812507,
 0.09715258789062498,
 0.0878242187499998,
 0.10663745117187484,
 0.09238183593749993,
 0.09800927734374976,
 0.09869726562499981,
 0.09148168945312496,
 0.08250073242187472,
 0.09572485351562476,
 0.10111108398437507,
 0.09378295898437494,
 0.09384545898437491,
 0.08564233398437504,
 0.07878222656250011,
 0.08336694335937489,
 0.09458862304687499,
 0.09495678710937483,
 0.08879272460937493,
 0.10324340820312505,
 0.10044091796874999,
 0.09140454101562479,
 0.08847436523437491,
 0.09311035156249992,
 0.10532788085937494,
 0.09533056640624993,
 0.09219335937499973,
 0.09588671874999988,
 0.09967480468750012,
 0.09126245117187493,
 0.09942041015625003,
 0.09263110351562509,
 0.09975952148437495,
 0.08929443359375011,
 0.10014648437499973,
 0.08279785156249997,
 0.10046435546874988,
 0.08540209960937495,
 0.09483496093749988,
 0.09243139648437482,
 0.09151635742187492,
 0.08785644531250003,
 0.09298095703124987,
 0.08397851562500003,
 0.0807021484374999,
 0.09210131835937485,
 0.10035961914062486,
 0.10289648437499976,
 0.09038745117187486,
 0.09418457031249994,
 0.09280224609374987,
 0.09673461914062509,
 0.07964208984374987,
 0.09757324218749996,
 0.08743823242187487,
 0.08814892578125,
 0.09880249023437493,
 0.08963647460937507,
 0.08336474609375,
 0.09045556640624985,
 0.08565527343750001,
 0.09775781250000004,
 0.0927761230468751,
 0.10462036132812502,
 0.099343994140625,
 0.09566210937500008,
 0.09327124023437494,
 0.09776806640624991,
 0.08755468750000017,
 0.09509960937499984,
 0.08754174804687476,
 0.08429760742187486,
 0.0954279785156249,
 0.08030957031249986,
 0.09557666015624999,
 0.10890527343749978,
 0.09644067382812505,
 0.08713281249999982,
 0.09581713867187491,
 0.0910861816406251,
 0.08688427734374982,
 0.09949194335937528,
 0.09876660156249994,
 0.09329516601562493,
 0.0995642089843749,
 0.08833520507812487,
 0.09638525390624997,
 0.08650488281250013,
 0.0876611328125001,
 0.097785400390625,
 0.09456396484374996,
 0.07978198242187506,
 0.09751196289062491,
 0.08407714843750003,
 0.09451538085937505,
 0.09468164062499995,
 0.09355249023437473,
 0.09681445312500014,
 0.08496020507812485,
 0.10077709960937486,
 0.10879492187499995,
 0.09904907226562498,
 0.10110131835937475,
 0.09397680664062502,
 0.09216064453124984,
 0.09279003906249983,
 0.09056445312499983,
 0.0934394531249999,
 0.09874755859375006,
 0.09250683593749986,
 0.09254150390625016,
 0.10303027343749993,
 0.0823310546874999,
 0.0905930175781251,
 0.10336621093749998,
 0.10231835937499989,
 0.09239868164062492,
 0.09799340820312508,
 0.09143847656249993,
 0.08724560546875004,
 0.08870947265624984,
 0.09040966796874983,
 0.08365698242187469,
 0.09080249023437492,
 0.09121704101562478,
 0.08888354492187522,
 0.10406127929687514,
 0.09617749023437494,
 0.1013007812500002,
 0.09195800781250008,
 0.08721630859374996,
 0.09874560546875,
 0.091197998046875,
 0.09301562500000005,
 0.10411694335937494,
 0.1006044921875,
 0.08796166992187504,
 0.10082006835937496,
 0.09398364257812508,
 0.09060620117187512,
 0.10196118164062495,
 0.10169433593749999,
 0.09035278320312501,
 0.08914794921875002,
 0.08248217773437494,
 0.0943615722656248,
 0.089552734375,
 0.08397875976562497,
 0.09442407226562488,
 0.09102758789062504,
 0.09514208984374983,
 0.0941455078125002,
 0.09773950195312486,
 0.096294921875,
 0.09785595703125005,
 0.0944709472656251,
 0.09379663085937517,
 0.1051259765625,
 0.0899064941406249,
 0.09709399414062492,
 0.09914086914062492,
 0.08947680664062496,
 0.09033276367187493,
 0.08733227539062494,
 0.08856762695312481,
 0.09339892578124975,
 0.10167236328124996,
 0.09201196289062485,
 0.09013867187499991,
 0.09328906250000002,
 0.0997119140624998,
 0.09052880859375001,
 0.08756738281249987,
 0.09014868164062495,
 0.09675244140624994,
 0.09780468749999982,
 0.08691894531249988,
 0.09995532226562498,
 0.09052978515624999,
 0.09369458007812503,
 0.09009350585937492,
 0.09074291992187478,
 0.0955283203124998,
 0.09770727539062496,
 0.09768896484375,
 0.10263549804687488,
 0.10122265625000004,
 0.09505126953124998,
 0.09407836914062495,
 0.09803515624999992,
 0.09014624023437501,
 0.08667407226562485