0.06412446140014483,
 0.05928882730225493,
 0.05642887805011809,
 0.050076895294375756,
 0.05268884512839622,
 0.05487756851438497,
 0.06041864405668118,
 0.055680104199660185,
 0.06125260166266022,
 0.0550000637329251,
 0.05717351118933123,
 0.056123446323641746,
 0.053299230126732544,
 0.05538816052111972,
 0.05217956671150037,
 0.052502010008662614,
 0.061505990179525405,
 0.04875228282962474,
 0.06078040275154506,
 0.04796470453916735,
 0.05566020752251233,
 0.045684013946123425,
 0.0608606246517811,
 0.05895795481103128,
 0.05394662329873734,
 0.04905943163824,
 0.047869592478918754,
 0.05298737346664506,
 0.05638848687662179,
 0.05002292787507634,
 0.055074460147807036,
 0.05381811958657656,
 0.0541688245836196,
 0.05038338251917329,
 0.04778183714195472,
 0.05344137184552089,
 0.05452981609861496,
 0.061866608478327034,
 0.0552103948393996,
 0.05268331088197553,
 0.056193545499059194,
 0.05441939361419457,
 0.05691500251146708,
 0.05070262884901555,
 0.052862684687061234,
 0.048493212890624804,
 0.048584715395994627,
 0.05007799441800742,
 0.05629642421922698,
 0.058906969842223544,
 0.04669050814636755,
 0.05842733854460813,
 0.06249754583524125,
 0.05675004829155217,
 0.05847422966031357,
 0.049896589854244056,
 0.055894503619874136,
 0.05726794740632646,
 0.05230258324032744,
 0.05428454181452236,
 0.05194782789367758,
 0.06462945134834763,
 0.05228604517227575,
 0.057539469460660575,
 0.05162990189064387,
 0.054805112882993834,
 0.055082162040684945,
 0.05620335465315929,
 0.056773600498893684,
 0.05618466373578679,
 0.042646863791589995,
 0.05703062232905998,
 0.055732169745402294,
 0.04737349872891872,
 0.05297638197306176,
 0.05327939108483948,
 0.05852974628453134,
 0.05138793569711542,
 0.05360587648571036,
 0.05467544851524342,
 0.0626866814178606,
 0.0534522769325656,
 0.05242325762887279,
 0.06319299331311035,
 0.05046009043040289,
 0.059327586042429825,
 0.05421398272951006,
 0.05891225204374617,
 0.046000045787545796,
 0.05649747643849223,
 0.05220692572401564,
 0.06105280407835578,
 0.05071659560057973,
 0.04814070674790494,
 0.05062099984975954,
 0.05337210220877209,
 0.05642736849196828,
 0.051290142561431606,
 0.056634693366529154,
 0.058910186476934356,
 0.049689638801860836,
 0.055090765462835645,
 0.055428999792525246,
 0.047179129941239406,
 0.05521648554353642,
 0.053551952254453195,
 0.06532318429018735,
 0.05477745915705334,
 0.046833465747577074,
 0.05345672602204554,
 0.05494330508508982,
 0.06338802303924362,
 0.04733132688238406,
 0.05459689598595863,
 0.050099388247386134,
 0.055526697895203814,
 0.05512417797046698,
 0.05702726493341714,
 0.06534619957408028,
 0.04819846265930261,
 0.05218791840754711,
 0.05663825502627362,
 0.04835846146269018,
 0.05456888336815102,
 0.048552524694272625,
 0.05526848266750606,
 0.06616856786334324,
 0.05213512630558137,
 0.05732683346926515,
 0.04720958819825971,
 0.05832467680431552,
 0.05022042708810304,
 0.047526992771768306,
 0.05363569019955716,
 0.045265891497825006,
 0.055710352832544,
 0.05119310646928232,
 0.0474491781493247,
 0.05346389267782037,
 0.048793684808402515,
 0.05967926740163043,
 0.04827440523885862,
 0.07199648199023212,
 0.051198269552712894,
 0.04596163504464301,
 0.05382637541494972,
 0.06361931220905825,
 0.05672707409235711,
 0.052626009353059944,
 0.06145759041847909,
 0.05210730555794041,
 0.0486567178914834,
 0.05314949788709544,
 0.05414834838822502,
 0.05212799765338838,
 0.059837485572153515,
 0.05953569264394476,
 0.054165020846610235,
 0.059876414608440065,
 0.0536451977548007,
 0.05198266282638708,
 0.057529125120922675,
 0.05676900439512744,
 0.05580168537517127,
 0.05940570567670167,
 0.055053198152758664,
 0.05597712880249994,
 0.0558115888993822,
 0.04833541583199774,
 0.04768949340268769,
 0.046818616095276155,
 0.050995266194074906,
 0.05222634888440525,
 0.05968786349826405,
 0.06240875138316526,
 0.06095373424860728,
 0.04965762529571127,
 0.06124405258650145,
 0.05249198171964653,
 0.0506593550275678,
 0.0526878598614926,
 0.06478510333149856,
 0.05332015517553068,
 0.05589631738162004,
 0.04630520645907432,
 0.06396730381705962,
 0.06061018534416962,
 0.04917248204269664,
 0.054082330001812506,
 0.05818471547316695,
 0.06135167307730849,
 0.0535050930298,
 0.05910705026852492,
 0.04620657796522054,
 0.052900855297047134,
 0.04938340863238322,
 0.04898427667593319,
 0.06045900348528699,
 0.057683148668135065,
 0.0629685917513203,
 0.045961690669356736,
 0.049921140103625916,
 0.05229527385011523,
 0.04740700120192298,
 0.046594220335870906,
 0.05639463379502452,
 0.05275177999951364,
 0.050562856775046905,
 0.05259338298420335,
 0.05172038350646724,
 0.04604168543907039,
 0.05832046876192387,
 0.05719190779814176,
 0.05387562248406952,
 0.05426060743165384,
 0.058524784297733445,
 0.046573611170730445,
 0.04899830335679933,
 0.060133286981089995,
 0.05419500719007564,
 0.040607182026957345,
 0.0511277495182767,
 0.04332425246877514,
 0.05555987297651588,
 0.054510049953872874,
 0.06315817629635978,
 0.05097342694740159,
 0.05293486071762432,
 0.06553855949280729,
 0.050814774511730665,
 0.06296315751312753,
 0.06368548206892921,
 0.04677685362055439,
 0.04872244403935544,
 0.053221166035182454,
 0.06494588186336259,
 0.05221387219551277,
 0.05389229493379877,
 0.05886137812180414,
 0.059559375953907256,
 0.05023200756039925,
 0.05610278344157282,
 0.05171543064140738,
 0.056381283267513904,
 0.05938574075663916,
 0.06305728188911797,
 0.05682028686374374,
 0.0555685238844601,
 0.0531027431986415,
 0.06602958298754213,
 0.05954555504859815,
 0.05019209878175945,
 0.05645085725587484,
 0.0538589888290979,
 0.051783793295463454,
 0.05949723611349578,
 0.057851002079517766,
 0.05018024652806918,
 0.05083997598538614,
 0.0481069802755838,
 0.044884181356837693,
 0.05021566011570888,
 0.05063511833218848,
 0.05521592102162565,
 0.04820899832759662,
 0.04782711278521834,
 0.0445236960684714,
 0.05257745714571893,
 0.05605092664917288,
 0.054988038659474325,
 0.055334048882974995,
 0.05039271232781961,
 0.05401725435321025,
 0.06456450498737176,
 0.05117266107915541,
 0.06426919583237933,
 0.045734768594398734,
 0.04936801836519478,
 0.052891594587053614,
 0.06189876993666066,
 0.04968576412408221,
 0.056034668833333745,
 0.054889175120669265,
 0.05840077051854409,
 0.05700776003510377,
 0.0537433261671052,
 0.05904603258070029,
 0.059124574974721344,
 0.060242550819406215,
 0.0537212389227526,
 0.05387852407407223,
 0.056061413380456226,
 0.05300650677989571,
 0.052248478272587384,
 0.05273546972775489,
 0.05288366004655054,
 0.051613435425251986,
 0.061278377129597494,
 0.05976332052596267,
 0.05317627784914403,
 0.06119187846191343,
 0.05182751330700541,
 0.059295857359870974,
 0.05877104992988813,
 0.05712312432979871,
 0.058452243291647665,
 0.054058026175213714,
 0.05956264761713981,
 0.04786858493601365,
 0.05729795017265693,
 0.04937488954194458,
 0.051834682158119705,
 0.05882695586748343,
 0.05387283423927558,
 0.07082011092748419,
 0.05349913599855016,
 0.049976427939464774,
 0.06287730041943651,
 0.050775326884292094,
 0.05236046825283647,
 0.0581593660571198,
 0.053300499668517354,
 0.052763549894116135,
 0.05063908551301144,
 0.057059838777758776,
 0.05435734103136425,
 0.05575657325530381,
 0.06235882619787225,
 0.053339734050671606,
 0.06547026730864625,
 0.05240573489010991,
 0.0643612547337642,
 0.06025984438196352,
 0.051981026487618154,
 0.050860129898313566,
 0.06429342018658435,
 0.057512111700148694,
 0.061202190533795164,
 0.049742098418038116,
 0.05630119154933633,
 0.056674617192031596,
 0.05952811588311091,
 0.05247161100618136,
 0.05520557821085181,
 0.04889817100217475,
 0.05421994521280449,
 0.04892298271094431,
 0.05080573250534193,
 0.04921183023790454,
 0.050489070965926475,
 0.044233991094904335,
 0.04710758743751886,
 0.046886334265777485,
 0.04845793159865819,
 0.05455534235729553,
 0.0506977526542467,
 0.048056405963827764,
 0.05196691344476978,
 0.053074691768734805,
 0.05012481249761502,
 0.04567850656288175,
 0.05813166887508969,
 0.051313618771655856,
 0.05832149569806866,
 0.05192685391865104,
 0.048501515943643936,
 0.04578923736311413,
 0.05507344352153942,
 0.05044516225961537,
 0.0529533761756904,
 0.04871543458879657,
 0.05314658787393145,
 0.05794727626832663,
 0.062471521617699866,
 0.05210937040932162,
 0.05325245249677568,
 0.062450234959267936,
 0.0438824103088753,
 0.051368993067479884,
 0.05120636202447715,
 0.05519485668536883,
 0.05489089817517545,
 0.05665516533469073,
 0.05258081287202376,
 0.044879864151690096,
 0.04843138965714311,
 0.05373238508546141,
 0.05525903505132024,
 0.05321070948833828,
 0.04713368025745934,
 0.06055874460499622,
 0.05954893411106932,
 0.054547132853040914,
 0.05475439500820389,
 0.05190545885321263,
 0.051973986950549556,
 0.055820806058193506,
 0.04643997330252225,
 0.05889102033491689,
 0.05699470147167718,
 0.05891872478107829,
 0.0561788062686015,
 0.049860525352468654,
 0.059044835606017365,
 0.06164144750648637,
 0.0583992659087873,
 0.05185658666962345,
 0.04552097892342055,
 0.05180966141063803,
 0.05425018201741816,
 0.056711440268715885,
 0.056487161541800335,
 0.05053845188015105,
 0.05485547316182071,
 0.055868251692024584,
 0.0641819260221117,
 0.05289395209799341,
 0.05010763739840862,
 0.05181492128231313,
 0.05509710900536091,
 0.04477962018992265,
 0.052537286205547984,
 0.055095904339800716,
 0.06603470833094849,
 0.05744683875902523,
 0.0586704656617254,
 0.057396815898232534,
 0.06267358535561662,
 0.05249763746995173,
 0.04683867241157258,
 0.05534471219427273,
 0.05740788171789157,
 0.061777632962740414,
 0.051276450286518616,
 0.05733095345409778,
 0.05896917305784499,
 0.05000363813952968,
 0.04894042962788059,
 0.06802914697402751,
 0.06026111682067792,
 0.04407179335346001,
 0.05363634219513114,
 0.05849229076045481,
 0.03713266078041988,
 0.05360062895800577,
 0.055228314326001504,
 0.05297956309588092,
 0.05697411209015146,
 0.05327489441439659,
 0.055527601306583296,
 0.0596496250548495,
 0.05060902348519525,
 0.05623979778990895,
 0.04837829360309831,
 0.05545382767189411,
 0.05801704309658917,
 0.05416138965201478,
 0.05251751176883013,
 0.05366915075553935,
 0.049432713156320585,
 0.047511430903164786,
 0.0492427661043382,
 0.06048281673296341,
 0.05731436470972606,
 0.06309438385930277,
 0.060307288983802776,
 0.05579872003538999,
 0.053452609830490605,
 0.05527484254569215,
 0.05524751172733633,
 0.053134699268829966,
 0.056227125305250425,
 0.04545036290207194,
 0.06461472781823363,
 0.05386475217490849,
 0.05849307224893141,
 0.06137638364239906,
 0.0635471664186511,
 0.057290587380284475,
 0.049690161699194935,
 0.057327813570891895,
 0.054802959554404396,
 0.0574343855525985,
 0.05471693340296846,
 0.0578707543975121,
 0.05196109646419722,
 0.05794847935267855,
 0.05687008970304874,
 0.057814546488667684,
 0.04705722058938511,
 0.057245331876240035,
 0.054221829260526544,
 0.054333182675614156,
 0.05626633103715717,
 0.055509337685748505,
 0.06151959790426553,
 0.052348635137648536,
 0.06192859657202843,
 0.05653243117076845,
 0.05936371088860626,
 0.06134950295472774,
 0.05076379826770472,
 0.05523472132793428,
 0.059519411728719884,
 0.05952257904313574,
 0.054846402454178156,
 0.053105227411819556,
 0.05535449767246625,
 0.05581770121790686,
 0.06216577297503689,
 0.052142299822573124,
 0.04409916196770247,
 0.05205308357748395,
 0.05889788040979149,
 0.05565103086433587,
 0.05476338313921336,
 0.05243377110896641,
 0.05573203065380805,
 0.04674881954474963,
 0.04863982824900792,
 0.04920272866278297,
 0.04999097943768893,
 0.05404843363620415,
 0.054548056533310296,
 0.058471958168784255,
 0.05856782482925027,
 0.05444415670029912,
 0.04921365339304806,
 0.05496088384271958,
 0.053207580462072857,
 0.047843699919871696,
 0.054340199497767916,
 0.05456390397254629,
 0.05061597439925136,
 0.05449411883684263,
 0.05214129601409856,
 0.05566618482429053,
 0.05143856700482674,
 0.05403245728716688,
 0.04686291816907029,
 0.0568425439631981,
 0.047209180939503215,
 0.0518566680498318,
 0.05463828709268137,
 0.056423551666822336,
 0.057855944988171704,
 0.06093135791075244,
 0.054209706363514965,
 0.04936806843330288,
 0.05487329411582342,
 0.05646677296770042,
 0.058943261599511576,
 0.058264311708256855,
 0.05245116227630886,
 0.05247587932358422,
 0.059321947377708906,
 0.05000897384496339,
 0.05115399796745246,
 0.050540759441296546,
 0.047696420330197276,
 0.06199801706539998,
 0.0588584092881943,
 0.0527409500438798,
 0.055567348020448604,
 0.046966988014155886,
 0.051934172592815075,
 0.05666339429584477,
 0.05212495564331521,
 0.053327957589285546,
 0.04475311629559653,
 0.05876595964257092,
 0.05331494861929231,
 0.049299389260912596,
 0.05355144689837066,
 0.05734386846335071,
 0.057722328453422955,
 0.06334697837969316,
 0.051827621603437235,
 0.056370982083237875,
 0.05175650248731323,
 0.06306907790390492,
 0.053001455602773806,
 0.05294299395411328,
 0.05082312284443291,
 0.05580228783228636,
 0.05358416686937195,
 0.05718502174908435,
 0.05661580999837845,
 0.04896976110760831,
 0.05476345522218229,
 0.06371852702419112,
 0.058366880639976415,
 0.05460039038652309,
 0.05577648500942556,
 0.05443142185544225,
 0.06285983686994445,
 0.06422379016678259,
 0.05881668389661532,
 0.06460668575628326,
 0.05423003931290049,
 0.0543362826776963,
 0.05516130617649262,
 0.060416944611378254,
 0.05204693235367075,
 0.051831144235538806,
 0.05274430922809836,
 0.055404503336290434,
 0.05508930335520579,
 0.05451071780324712,
 0.05209318391569373,
 0.06179606256915848,
 0.04839942413814491,
 0.05517687049278863,
 0.05476347435658968,
 0.0572233504559676,
 0.04820781083066228,
 0.048276013705261356,
 0.04836765920711228,
 0.06211810780491556,
 0.056748019900605406,
 0.0543035423344016,
 0.04925588799221625,
 0.05328462450635296,
 0.05927325894049518,
 0.05224241607811364,
 0.06114763270925194,
 0.05763366909402112,
 0.05838884899546093,
 0.054530705318986517,
 0.047984433724912234,
 0.06173750882364182,
 0.05760547170151087,
 0.05216636266836461,
 0.05098550067011942,
 0.05272662376620918,
 0.06226389705671931,
 0.05300454012133704,
 0.052873476729433655,
 0.06112095507574011,
 0.05288086044814544,
 0.05445204161666006,
 0.050256909576203546,
 0.054467646969734496,
 0.055751609718406536,
 0.05261859153216575,
 0.05288135254502424,
 0.05279593802464899,
 0.0522391531808033,
 0.05173421033176884,
 0.05241962038070436,
 0.058280043219658184,
 0.05503304316668611,
 0.05720472315228187,
 0.05210551996289303,
 0.051668413514547096,
 0.0488734844203107,
 0.06021100615989239,
 0.05631049957294021,
 0.0686023066682917,
 0.04450276257488195,
 0.059026977524155866,
 0.05415934381915832,
 0.050659903226114356,
 0.06086203318166228,
 0.050635726686508065,
 0.0536243125906215,
 0.048233191499255756,
 0.046039080922333,
 0.05522542640685124,
 0.04957059598929714,
 0.05007308300423552,
 0.04924862595629209,
 0.059565228472699294,
 0.05827830242674015,
 0.05562741654504344,
 0.058868414820856474,
 0.057515247729700736,
 0.05261899687085059,
 0.047338028285733635,
 0.055442715238380735,
 0.0670488321791054,
 0.05075395764802626,
 0.0518402594746834,
 0.05129099660647518,
 0.04609139921493455,
 0.05342019639531692,
 0.05672802227611795,
 0.05126305606828074,
 0.06554049979967957,
 0.04614191718654603,
 0.059402371353689754,
 0.05572308222918587,
 0.0518838690812371,
 0.055081505587511126,
 0.0517300793592681,
 0.05397574078747014,
 0.054707879094646694,
 0.06166824884100275,
 0.054161321328410894,
 0.05602033027465381,
 0.05392396985714454,
 0.05707256300557084,
 0.057252653587081426,
 0.04951775805574643,
 0.05636927222064281,
 0.05212410497671205,
 0.052550982822516135,
 0.05258665513631344,
 0.05105604616195447,
 0.05514940023084547,
 0.04300735128586708,
 0.059051387756124285,
 0.060083816904666465,
 0.054778059657356604,
 0.05660349839505119,
 0.061558208145549465,
 0.06506611113495886,
 0.06087717424980377,
 0.055006805352850296,
 0.06302979093931227,
 0.04595968782548088,
 0.05450516302714603,
 0.04683495899963974,
 0.05984096238505421,
 0.05477317329506448,
 0.054735304427767195,
 0.06685643774086181,
 0.05604555032098979,
 0.06320725661057702,
 0.05705665087950229,
 0.0474428052145337,
 0.052119756133623296,
 0.05663714391662,
 0.053451730745382786,
 0.04308005183293284,
 0.043853897741300996,
 0.05498408238896535,
 0.05266771387660829,
 0.05448778611337901,
 0.062441119600885386,
 0.05925417045493564,
 0.05930500128435434,
 0.050255229378910915,
 0.05248384289328656,
 0.05805113836900966,
 0.04819426039997299,
 0.05186934076128247,
 0.05584583448213665,
 0.05374062470190388,
 0.0489377002608935,
 0.05930697915434391,
 0.050321816632802774,
 0.056426418400392864,
 0.05516450647877491,
 0.04697162674565036,
 0.051181799271691863,
 0.04480627152253125,
 0.05265241493532513,
 0.04036229043851125,
 0.058207716984340685,
 0.050125997521208054,
 0.046614626199538156,
 0.06307406469398646,
 0.04895519205729171,
 0.05128060861664396,
 0.05454927451864733,
 0.05503680417685897,
 0.05055210914844688,
 0.05163367363972848,
 0.058041483635721924,
 0.050117228612458264,
 0.04536048171121432,
 0.05716209595904176,
 0.05184065779055991,
 0.05160441527873161,
 0.05288962417248522,
 0.05599999958266566,
 0.05322115754254453,
 0.05610956190619265,
 0.0600228158505991,
 0.05207797392494662,
 0.05200350352230232,
 0.04619014854864356,
 0.0654712273566278,
 0.05610946287870111,
 0.043784180462549394,
 0.047205122248595854,
 0.04528445375696344,
 0.058163394743043106,
 0.0565693027851768,
 0.05306980358798774,
 0.05716531241653322,
 0.047597438997634356,
 0.052114146430234154,
 0.05617325917897209,
 0.057069768236320595,
 0.04203487270108375,
 0.05467363436259909,
 0.053669509369753454,
 0.05290457789460312,
 0.057900030942364955,
 0.060405617840052495,
 0.055739021721449955,
 0.05393692497281366,
 0.05824387210012216,
 0.05437635693299758,
 0.061211898382650176,
 0.05992728189945162,
 0.05210041173019686,
 0.05427628324366629,
 0.05681367246530211,
 0.05704253350650457,
 0.04946307139041495,
 0.0475908837252621,
 0.05646448704832485,
 0.04700307807968951,
 0.05171028604099903,
 0.05001590699881686,
 0.04686833295450632,
 0.0633225892380187,
 0.05239493338150547,
 0.04774367780114863,
 0.0575491590711803,
 0.04812300024709226,
 0.050308615332150364,
 0.05519538506542698,
 0.05288830110319376,
 0.061642921412354834,
 0.051976302739144664,
 0.060496112055329565,
 0.051577814682062906,
 0.05029814912192854,
 0.053821635999177886,
 0.050276073384081243,
 0.04872516544328054,
 0.0434880840893046,
 0.049227958423954776,
 0.04933723284636371,
 0.05237480570102626,
 0.057900205388144776,
 0.0471069034227507,
 0.06000006964372928,
 0.05294761946495341,
 0.06207681439112123,
 0.05981076508127314,
 0.05443522892580499,
 0.06204865212912103,
 0.0535660628434067,
 0.05603589695995592,
 0.05289276807177212,
 0.04898678572842585,
 0.06218607235408902,
 0.04803980565333088,
 0.045388860569768985,
 0.057809530511824025,
 0.04962027070694064,
 0.06025212578220396,
 0.05680036439255187,
 0.06276021241128671,
 0.05720658982944138,
 0.0592052100622904,
 0.05530920502566006,
 0.04563944960746702,
 0.058889067925347316,
 0.047546862955450964,
 0.059161827759131924,
 0.051045706344436725,
 0.05830059023008216,
 0.05436886178600053,
 0.0519665270949885,
 0.05140091774341693,
 0.0536449919241897,
 0.059147864380628246,
 0.0559912234888742,
 0.05237764547788015,
 0.04971755785447174,
 0.05415989589295256,
 0.06198767124128968,
 0.05586321215134693,
 0.050021930803571424,
 0.04961986607142843,
 0.05582311119030248,
 0.055369653293480425,
 0.05139564296922705,
 0.05758022599867174,
 0.06318041571923438,
 0.0551665025946273,
 0.055742338157718896,
 0.056445850622901306,
 0.04737969185220181,
 0.04946595813910992,
 0.056672214889060823,
 0.05816467080935572,
 0.05841175034817603,
 0.055446749110611204,
 0.06754056710975642,
 0.054765512677426686,
 0.057947489999446766,
 0.053154391848385885,
 0.052962520672500846,
 0.05958614610758173,
 0.0541642827304063,
 0.04653444568123022,
 0.05402858335241145,
 0.045652865060286985,
 0.04719043952586932,
 0.047617578184619314,
 0.05670931013431013,
 0.0507438808045253,
 0.056855608676262825,
 0.04876682579031244,
 0.056773042146620156,
 0.05612931024921952,
 0.05986229276366006,
 0.04382914103041036,
 0.05043484414348676,
 0.0540665340139459,
 0.047945653223729456,
 0.05549371094942379,
 0.047845815984145945,
 0.05126924692603407,
 0.05451999777024197,
 0.05656676283243667,
 0.05025676123464207,
 0.05753925947607885,
 0.05721864811078681,
 0.05875191189328821,
 0.05439573090754757,
 0.05415121060836192,
 0.05275032857172168,
 0.060210523802369575,
 0.05816291299089271,
 0.057874120437938714,
 0.0560426880628051,
 0.05387885732647235,
 0.05123241752332963,
 0.055879475494123865,
 0.055998859067365236,
 0.05576721605759705,
 0.0592318164420218,
 0.05077408102964753,
 0.05580126201923097,
 0.05326740377717076,
 0.04271461588740433,
 0.05924013069721035,
 0.05162244263440541,
 0.05606095418348911,
 0.052401547229658174,
 0.049585567860958246,
 0.044599320341117465,
 0.06104428943452378,
 0.055930787891579126,
 0.054752439855961565,
 0.0558944424661707,
 0.05578329690600192,
 0.05113778540811231,
 0.043372059163709675,
 0.05124357209630648,
 0.05401701280633686,
 0.04690439590249129,
 0.05877215050032403,
 0.0499168038504465,
 0.05091533763545475,
 0.05798694995325859,
 0.04543453382109397,
 0.05648504523904907,
 0.0647666607119688,
 0.05015233567061195,
 0.050271699719551366,
 0.046993103012439086,
 0.05710340306395012,
 0.048693644056681196,
 0.05531978260454817,
 0.04648237336885819,
 0.05222046876192388,
 0.06088894937664113,
 0.05442634113390943,
 0.05572364735958457,
 0.04741756739354397,
 0.05371880661534356,
 0.06124729930984785,
 0.06184973654275394,
 0.048705251020680906,
 0.05230776148358318,
 0.05581805722489297,
 0.053651076722756263,
 0.04545934493632853,
 0.041978080947955965,
 0.053063250248015725,
 0.05192852677379012,
 0.05111146435487246,
 0.06471285750249,
 0.059421282909047024,
 0.05765685592429648,
 0.052940172490270054,
 0.050380900696150865,
 0.05335550702552627,
 0.05288131086671144,
 0.05242318990146111,
 0.05535270921569757