0.08846435546874987,
 0.10846069335937503,
 0.09716333007812517,
 0.10418139648437497,
 0.09974169921875009,
 0.10192895507812483,
 0.09657202148437483,
 0.08957666015624999,
 0.09768212890624994,
 0.10512133789062506,
 0.09784936523437493,
 0.09370361328124988,
 0.09853002929687504,
 0.0952011718750001,
 0.09698608398437503,
 0.09483325195312498,
 0.09543383789062498,
 0.09378686523437496,
 0.09562915039062503,
 0.09351049804687506,
 0.09067187499999996,
 0.09221118164062492,
 0.10117480468749984,
 0.10113720703125006,
 0.09751904296875002,
 0.09925122070312509,
 0.10387646484375013,
 0.0964650878906248,
 0.0886867675781251,
 0.09894262695312506,
 0.09368603515625007,
 0.0886376953125001,
 0.08146752929687495,
 0.08954321289062483,
 0.09291992187499987,
 0.0917341308593751,
 0.10435375976562489,
 0.09954443359374987,
 0.09901977539062501,
 0.09798071289062471,
 0.09774047851562484,
 0.10260083007812482,
 0.09964965820312488,
 0.09631811523437506,
 0.10196166992187516,
 0.09913012695312506,
 0.09621801757812487,
 0.09209375000000009,
 0.0931958007812499,
 0.1005734863281249,
 0.09227929687500014,
 0.09846899414062482,
 0.09706713867187489,
 0.09656127929687486,
 0.09004101562500022,
 0.09393505859374995,
 0.09294287109374988,
 0.09985986328124996,
 0.10333764648437493,
 0.08883789062500003,
 0.09234374999999995,
 0.10117480468749995,
 0.0955969238281249,
 0.10354833984374978,
 0.0961582031249999,
 0.09604174804687493,
 0.0997463378906247,
 0.09211694335937493,
 0.09565600585937517,
 0.10238403320312506,
 0.09980981445312476,
 0.10350659179687494,
 0.09402416992187534,
 0.09248632812500013,
 0.0911674804687499,
 0.09485913085937514,
 0.09651000976562485,
 0.08693847656250009,
 0.08182055664062493,
 0.1007402343749999,
 0.0991499023437501,
 0.08899609374999984,
 0.0945991210937498,
 0.09420214843749997,
 0.09671240234375,
 0.08712402343749992,
 0.09990185546875008,
 0.108367919921875,
 0.10149829101562502,
 0.10248510742187511,
 0.09795263671874999,
 0.09839697265624991,
 0.0994387207031251,
 0.09821118164062492,
 0.0950170898437499,
 0.08911791992187501,
 0.09814111328125019,
 0.09567163085937491,
 0.09938452148437493,
 0.10353710937499994,
 0.09676611328125007,
 0.09902490234374994,
 0.09814257812499994,
 0.09438061523437513,
 0.09607934570312482,
 0.09543627929687482,
 0.09898339843749993,
 0.09225170898437507,
 0.09560229492187489,
 0.08921020507812472,
 0.10051269531250018,
 0.09824169921874992,
 0.10019897460937477,
 0.09443920898437486,
 0.0942961425781248,
 0.094480224609375,
 0.09460498046874977,
 0.09236791992187499,
 0.10734350585937513,
 0.084301513671875,
 0.09450244140624986,
 0.09032617187499992,
 0.09306030273437482,
 0.09563623046874992,
 0.09830419921875,
 0.09469165039062499,
 0.10204492187499992,
 0.09793408203124976,
 0.09546679687500004,
 0.09262060546874995,
 0.09413232421875017,
 0.09825878906249996,
 0.09001562499999993,
 0.08996948242187508,
 0.09654443359374987,
 0.10160351562499981,
 0.09043774414062478,
 0.10410424804687501,
 0.09745043945312493,
 0.08689550781250022,
 0.10130346679687485,
 0.09641918945312522,
 0.10384545898437514,
 0.09943017578124991,
 0.0949831542968751,
 0.08896801757812511,
 0.09692089843749996,
 0.09870288085937473,
 0.10033056640624982,
 0.10138085937499985,
 0.0960034179687499,
 0.08995385742187478,
 0.09388598632812517,
 0.09061987304687502,
 0.10444482421875012,
 0.09965161132812494,
 0.10105419921875003,
 0.09662231445312486,
 0.09704125976562505,
 0.10048022460937489,
 0.09938330078125013,
 0.10133129882812497,
 0.09763500976562511,
 0.09276220703124993,
 0.09183081054687481,
 0.09560717773437499,
 0.09584423828125,
 0.0986616210937501,
 0.09896484374999992,
 0.09898095703124987,
 0.09736059570312494,
 0.08911914062499982,
 0.09779565429687476,
 0.09720874023437487,
 0.09557983398437497,
 0.09291235351562488,
 0.08888818359374984,
 0.09609423828124997,
 0.09386157226562464,
 0.09602099609374981,
 0.09632128906249993,
 0.1001711425781251,
 0.10262207031249992,
 0.09055175781249991,
 0.08938793945312473,
 0.10434082031250014,
 0.09754858398437483,
 0.09150122070312472,
 0.10305102539062472,
 0.09526782226562491,
 0.09361499023437503,
 0.09942236328125009,
 0.10215185546874994,
 0.09430004882812493,
 0.09557543945312519,
 0.09888232421874987,
 0.09279174804687496,
 0.0992775878906248,
 0.10093847656249988,
 0.10032153320312487,
 0.094667724609375,
 0.09933544921874982,
 0.09992626953124994,
 0.09915405273437472,
 0.09408300781250012,
 0.09896362304687512,
 0.09371606445312508,
 0.096569580078125,
 0.10368457031249978,
 0.09579833984374986,
 0.09012182617187503,
 0.08981005859375002,
 0.103341796875,
 0.0950781249999999,
 0.09285375976562493,
 0.0928334960937498,
 0.08527661132812492,
 0.09276342773437496,
 0.0977424316406248,
 0.08103100585937506,
 0.08831713867187485,
 0.09773828124999984,
 0.08496972656250001,
 0.09277783203124979,
 0.09842968749999992,
 0.10379809570312482,
 0.09334692382812504,
 0.09971899414062502,
 0.09712207031249998,
 0.09010205078125,
 0.09273535156250023,
 0.10834155273437496,
 0.09362768554687473,
 0.08622119140625006,
 0.09521362304687497,
 0.10309765625000011,
 0.09467138671874986,
 0.09122290039062486,
 0.10212744140625007,
 0.10166210937500009,
 0.09672900390624994,
 0.09665747070312491,
 0.0958266601562503,
 0.09848461914062501,
 0.09511499023437509,
 0.09578149414062498,
 0.10172534179687487,
 0.09548974609375005,
 0.10536621093749998,
 0.0994104003906251,
 0.09386425781250018,
 0.09734716796874987,
 0.11095629882812474,
 0.09222851562499979,
 0.08761254882812519,
 0.09661035156249986,
 0.09639697265624991,
 0.09530151367187478,
 0.09513647460937502,
 0.09800634765624994,
 0.09367236328125006,
 0.09434399414062478,
 0.09009570312499982,
 0.09718579101562486,
 0.09205224609374985,
 0.09718408203124995,
 0.08759179687499996,
 0.08757568359375001,
 0.10174633789062482,
 0.09597802734375005,
 0.0968044433593751,
 0.0909719238281248,
 0.09596728515625008,
 0.10379980468749994,
 0.10154736328125014,
 0.09194482421874972,
 0.09590917968749979,
 0.09597436523437519,
 0.0933974609374999,
 0.10203344726562513,
 0.09407543945312491,
 0.10641479492187489,
 0.09448925781249984,
 0.09626098632812496,
 0.10024926757812502,
 0.09744506835937505,
 0.10104638671874988,
 0.1006655273437499,
 0.10378369140624999,
 0.09704443359375015,
 0.09867138671874986,
 0.10237792968749981,
 0.08663085937500004,
 0.10154028320312491,
 0.09984912109374977,
 0.09661035156249986,
 0.09527929687500003,
 0.09869311523437474,
 0.10265112304687474,
 0.092134765625,
 0.09934277343749986,
 0.08837158203124984,
 0.10549853515625007,
 0.08824072265624983,
 0.10940356445312527,
 0.098085693359375,
 0.09159375000000014,
 0.09839916992187514,
 0.09127001953124991,
 0.0913376464843747,
 0.09229125976562513,
 0.10016137695312499,
 0.0934333496093751,
 0.09291284179687498,
 0.09353442382812505,
 0.09718579101562497,
 0.09613378906249981,
 0.09089257812499985,
 0.09684790039062474,
 0.10240893554687491,
 0.0983647460937499,
 0.09589599609374999,
 0.10674560546874967,
 0.10377416992187505,
 0.08659692382812523,
 0.09851049804687495,
 0.10302709960937506,
 0.09961816406250013,
 0.09270141601562498,
 0.09162695312500002,
 0.10060278320312488,
 0.09868994140624965,
 0.09174365234374982,
 0.09885546875000006,
 0.09879394531249996,
 0.09525659179687507,
 0.10041284179687504,
 0.09801953124999985,
 0.0891599121093749,
 0.09115014648437492,
 0.09303295898437502,
 0.09774316406249994,
 0.09516455078124997,
 0.09897583007812505,
 0.097522216796875,
 0.09478247070312507,
 0.08262011718749984,
 0.09178613281250003,
 0.0995761718749999,
 0.09961621093750006,
 0.09656567382812486,
 0.09933984374999993,
 0.08614428710937494,
 0.09728979492187506,
 0.1017473144531249,
 0.09586743164062517,
 0.0951528320312498,
 0.09885253906250013,
 0.09134716796875009,
 0.09331713867187474,
 0.08624633789062508,
 0.09368896484375,
 0.09076855468749989,
 0.09628833007812498,
 0.10069848632812517,
 0.09856298828124999,
 0.09739111328124994,
 0.09070532226562489,
 0.09815112304687479,
 0.09209692382812484,
 0.10114599609374975,
 0.09146484374999986,
 0.10087744140624977,
 0.10520605468749988,
 0.08504785156249994,
 0.08843750000000017,
 0.09414306640624992,
 0.0872961425781249,
 0.10250805664062512,
 0.09678686523437485,
 0.09132202148437485,
 0.09119970703125002,
 0.09944433593750013,
 0.09354711914062497,
 0.10032031249999984,
 0.0904895019531251,
 0.0946486816406249,
 0.09176318359375002,
 0.09840576171874993,
 0.09557006835937487,
 0.09202954101562488,
 0.09546264648437486,
 0.09413403320312486,
 0.09488574218750001,
 0.09718872070312501,
 0.10150390624999983,
 0.10439135742187489,
 0.09612426757812498,
 0.09206542968750009,
 0.09219335937500017,
 0.10022485351562493,
 0.10043017578125002,
 0.09742236328124987,
 0.09664624023437485,
 0.09852905273437473,
 0.09716870117187493,
 0.08959692382812467,
 0.09190502929687483,
 0.09190771484374971,
 0.09125634765624979,
 0.0888808593749999,
 0.09693212890625014,
 0.09201049804687489,
 0.09570703124999991,
 0.10353344726562486,
 0.10015551757812502,
 0.1015205078125,
 0.09500341796874989,
 0.09133154296875023,
 0.09507690429687488,
 0.09184643554687488,
 0.09103784179687491,
 0.08790747070312488,
 0.09701928710937491,
 0.09496166992187516,
 0.09544824218749981,
 0.09526562500000013,
 0.09010351562500007,
 0.09471972656249994,
 0.09439257812499968,
 0.10516845703125,
 0.09816162109374993,
 0.09590014648437495,
 0.09778613281249993,
 0.09592236328125003,
 0.09442358398437511,
 0.08552319335937497,
 0.0940720214843751,
 0.10244897460937485,
 0.09422607421874996,
 0.09366772460937511,
 0.08987524414062475,
 0.09671069335937477,
 0.0941630859375,
 0.09036059570312527,
 0.10474877929687498,
 0.08979174804687506,
 0.08783422851562506,
 0.09143676757812513,
 0.09631518554687502,
 0.08896289062499996,
 0.09567333984375004,
 0.0989020996093749,
 0.0918398437500001,
 0.09032836914062492,
 0.09334106445312473,
 0.09057763671875008,
 0.1054023437499999,
 0.0952785644531251,
 0.08490649414062501,
 0.08942309570312501,
 0.0984057617187497,
 0.09795166015625001,
 0.10270776367187495,
 0.09865356445312501,
 0.08843188476562491,
 0.09643457031250002,
 0.09125561523437486,
 0.09994580078124982,
 0.09658447265625014,
 0.09087280273437481,
 0.10160595703125008,
 0.09666577148437505,
 0.099325439453125,
 0.0851298828125,
 0.10028564453124988,
 0.10631445312499999,
 0.09655688476562507,
 0.09211865234374983,
 0.10180297851562503,
 0.09419604492187528,
 0.09384008789062515,
 0.09909619140624992,
 0.09323535156250018,
 0.10094213867187496,
 0.09520288085937478,
 0.09231469726562525,
 0.09771337890625009,
 0.09893334960937494,
 0.09753637695312478,
 0.0873386230468749,
 0.09627172851562493,
 0.10532910156249997,
 0.09333935546874983,
 0.09880712890624976,
 0.0924982910156249,
 0.09339843749999988,
 0.09472802734374985,
 0.095578857421875,
 0.09953833007812507,
 0.09552246093749983,
 0.09326147460937495,
 0.09061450195312482,
 0.09792944335937515,
 0.094466064453125,
 0.09287280273437482,
 0.09794116210937487,
 0.09265063476562507,
 0.08301269531249988,
 0.1060034179687499,
 0.0993293457031248,
 0.08771704101562472,
 0.10799414062500001,
 0.08830834960937484,
 0.0981799316406251,
 0.09759204101562524,
 0.09480810546874974,
 0.09663476562499995,
 0.0902573242187501,
 0.0983718261718749,
 0.09882397460937486,
 0.0971320800781249,
 0.09679614257812486,
 0.09340551757812476,
 0.09841601562500002,
 0.10130322265625002,
 0.09780932617187499,
 0.08946728515625013,
 0.09520092773437483,
 0.10482739257812501,
 0.0926965332031251,
 0.09407055664062502,
 0.09341748046874976,
 0.08834106445312506,
 0.09845239257812499,
 0.09675463867187517,
 0.09101342773437504,
 0.09328124999999998,
 0.097240966796875,
 0.0928618164062498,
 0.09613623046874986,
 0.09856054687499993,
 0.09000659179687487,
 0.10760839843749992,
 0.09302783203124987,
 0.0952463378906252,
 0.09950854492187511,
 0.1015390625,
 0.08658862304687487,
 0.09309667968750013,
 0.0960537109374997,
 0.09457934570312498,
 0.09343847656250004,
 0.08312280273437511,
 0.09665112304687484,
 0.09294580078125003,
 0.10046362304687495,
 0.10213134765624998,
 0.09364624023437496,
 0.09109399414062525,
 0.09925561523437487,
 0.09791748046874993,
 0.0908317871093749,
 0.09783618164062502,
 0.08631372070312504,
 0.09594873046874985,
 0.09224951171874984,
 0.10095874023437501,
 0.09552709960937489,
 0.09665332031249974,
 0.0912307128906249,
 0.09980493164062487,
 0.09541015625000004,
 0.09194116210937486,
 0.0965625000000001,
 0.0925651855468752,
 0.09978955078125007,
 0.095226806640625,
 0.08905053710937483,
 0.09716748046875001,
 0.09803173828125011,
 0.10103198242187483,
 0.09088671874999998,
 0.09307763671875002,
 0.09399536132812503,
 0.0952705078124998,
 0.09451806640625016,
 0.10355517578124984,
 0.0861843261718751,
 0.09733447265624973,
 0.09381518554687496,
 0.09240283203124977,
 0.10657250976562493,
 0.09033789062499986,
 0.0930329589843748,
 0.09432250976562484,
 0.10586840820312493,
 0.09560522460937504,
 0.10761450195312494,
 0.0973549804687498,
 0.09881958007812486,
 0.09711254882812514,
 0.09630761718749992,
 0.09343774414062489,
 0.09559814453124993,
 0.10194213867187496,
 0.10264672851562473,
 0.097273681640625,
 0.09766845703125004,
 0.10185742187500013,
 0.09991552734374998,
 0.09546972656249986,
 0.09001440429687513,
 0.09873535156250002,
 0.10301928710937502,
 0.10281518554687485,
 0.08689965820312473,
 0.09380664062499999,
 0.09736108398437526,
 0.0961037597656248,
 0.10158081054687496,
 0.09877490234374986,
 0.08244067382812492,
 0.09744506835937494,
 0.09245068359375008,
 0.09605078124999988,
 0.09789428710937509,
 0.09615649414062521,
 0.0938715820312499,
 0.09313476562500012,
 0.09430957031250009,
 0.09644726562500017,
 0.09990380859374992,
 0.10022119140624985,
 0.10226586914062508,
 0.1066906738281248,
 0.09851464843750013,
 0.10098242187499984,
 0.08888989257812496,
 0.09389575195312472,
 0.09186547851562521,
 0.08301049804687488,
 0.09296118164062483,
 0.09544116210937514,
 0.09772143554687485,
 0.10190624999999998,
 0.10344995117187472,
 0.09944262695312478,
 0.09418408203124984,
 0.09620898437499992,
 0.08917163085937485,
 0.10357836914062513,
 0.0899477539062501,
 0.10176538085937503,
 0.09428320312499983,
 0.09291601562499996,
 0.09589184570312481,
 0.10160791015624993,
 0.10217675781249991,
 0.08601953124999984,
 0.10331738281250002,
 0.09978002929687502,
 0.0986315917968752,
 0.09552661132812501,
 0.09545971679687493,
 0.09871386718750008,
 0.08683325195312475,
 0.09196752929687502,
 0.09630761718749992,
 0.0945866699218747,
 0.09050927734375014,
 0.09893383789062504,
 0.10257568359374991,
 0.09238134765625028,
 0.09990527343749989,
 0.0971811523437498,
 0.09252001953124989,
 0.08995751953124964,
 0.08836328125000015,
 0.09330517578124997,
 0.10147534179687501,
 0.09273681640624987,
 0.09528540039062494,
 0.08927685546874997,
 0.09346044921875007,
 0.09339233398437519,
 0.09991064453124987,
 0.09904223632812503,
 0.09922460937499988,
 0.09255590820312509,
 0.08907568359375007,
 0.09813842773437487,
 0.09228662109374985,
 0.09503271484374998,
 0.10569091796874996,
 0.10086547851562488,
 0.095808837890625,
 0.0975598144531249,
 0.08675708007812477,
 0.10477978515624997,
 0.10263305664062505,
 0.09527246093749997,
 0.08921289062500026,
 0.09491381835937496,
 0.09469531249999985,
 0.09886840820312481,
 0.09881665039062515,
 0.09792456054687504,
 0.08991772460937497,
 0.09279760742187482,
 0.0957014160156251,
 0.09872412109375017,
 0.10053344726562496,
 0.0970507812500001,
 0.09628051757812495,
 0.10114746093749993,
 0.10064794921874987,
 0.10398901367187507,
 0.09895288085937493,
 0.09671240234375,
 0.08575683593749961,
 0.09262622070312498,
 0.09161108398437512,
 0.0933547363281253,
 0.09373266601562513,
 0.09826318359375019,
 0.0900458984375001,
 0.09660791015624992,
 0.09943896484374992,
 0.09749047851562498,
 0.09908056640625007,
 0.08883251953125004,
 0.09910034179687488,
 0.09778662109374991,
 0.08966796875000016,
 0.09864770507812493,
 0.10286230468750002,
 0.09700683593750004,
 0.102419189453125,
 0.10347753906249979,
 0.09049145507812506,
 0.09939648437499993,
 0.09615112304687501,
 0.09103417968750005,
 0.09640893554687513,
 0.10316918945312492,
 0.09203735351562492,
 0.09726513671874981,
 0.08924218750000001,
 0.09983178710937501,
 0.09143212890625008,
 0.0937958984374998,
 0.09717285156249988,
 0.09635351562500005,
 0.09889306640624995,
 0.08748291015624998,
 0.09866918945312497,
 0.10458398437499994,
 0.08694677734375,
 0.09627880859374993,
 0.09630688476562499,
 0.09191259765624982,
 0.09181591796874988,
 0.09893017578125007,
 0.09504638671874988,
 0.10043847656249993,
 0.10164160156250013,
 0.09363842773437492,
 0.09308471679687491,
 0.10689062500000013,
 0.0990405273437499,
 0.08858642578124987,
 0.10248559570312477,
 0.09523217773437476,
 0.09107080078124996,
 0.09763208007812496,
 0.09989575195312517,
 0.0968920898437502,
 0.09901367187499976,
 0.09837597656250008,
 0.0993374023437501,
 0.09774780273437478,
 0.09239990234374984,
 0.09634814453124996,
 0.09659179687500008,
 0.09434472656249993,
 0.09694799804687482,
 0.09062695312499991,
 0.09627172851562515,
 0.09091308593750003,
 0.0917788085937501,
 0.09461230468750004,
 0.09884301757812497,
 0.09540698242187484,
 0.0962497558593749,
 0.09222680664062488,
 0.09139697265625002,
 0.08877099609374994,
 0.0890039062500001,
 0.08352050781250009,
 0.10029638671874985,
 0.09743725585937524,
 0.09904663085937515,
 0.09490673828125007,
 0.09550781250000018,
 0.10564721679687494,
 0.10408593749999973,
 0.10445776367187509,
 0.10144580078124976,
 0.09534790039062502,
 0.0985603027343751,
 0.10677954101562492,
 0.09259936523437484,
 0.0974409179687501,
 0.0991804199218751,
 0.09859765625000017,
 0.09039331054687505,
 0.09215405273437471,
 0.09226074218749991,
 0.09527246093749975,
 0.10229858398437497,
 0.08715820312499978,
 0.0931528320312498,
 0.09576757812499992,
 0.085400146484375,
 0.09160034179687493,
 0.09623901367187493,
 0.09758959960937474,
 0.09574072265625011,
 0.10131152343750016,
 0.09993286132812507,
 0.09009716796875011,
 0.0946708984375002,
 0.09506787109375003,
 0.08916601562500004,
 0.08381909179687508,
 0.09544995117187516,
 0.09213012695312495,
 0.09980786132812469,
 0.10914184570312502,
 0.09699853515625012,
 0.09599267578124993,
 0.09102172851562496,
 0.09425878906250018,
 0.09427612304687516,
 0.09653149414062479,
 0.09462915039062492,
 0.09763427734374985,
 0.09743505859374979,
 0.0890344238281251,
 0.08839208984375002,
 0.10167651367187491,
 0.08903320312499985,
 0.10084033203125009,
 0.10103613281249979,
 0.09014648437499995,
 0.10033178710937496,
 0.09620849609374993,
 0.10183447265625012,
 0.0968007812499998,
 0.09726660156250011,
 0.09846313476562485,
 0.09467138671874986,
 0.09707617187499995,
 0.093306396484375,
 0.09049072265625013,
 0.1030126953124999,
 0.09459570312499999,
 0.08589575195312515,
 0.089064453125,
 0.09838916015624988,
 0.09243457031250024,
 0.1029614257812499,
 0.09552758789062499,
 0.09129638671874996,
 0.09904785156249996,
 0.09302978515624982,
 0.097853515625,
 0.09888598632812506,
 0.09552587890624997,
 0.10014038085937493,
 0.08577832031249999,
 0.09380541992187474,
 0.09568066406249986,
 0.1042863769531247,
 0.09433886718750006,
 0.09702416992187479,
 0.09535205078124998,
 0.09288500976562486,
 0.09684033203125009,
 0.09486474609374995,
 0.09542871093750005,
 0.10388818359374996,
 0.09218261718749998,
 0.09710791015624998,
 0.09842797851562501,
 0.08721313476562464,
 0.09698339843749992,
 0.09611645507812505,
 0.08953906249999988,
 0.09989086914062506,
 0.09494458007812501,
 0.09273364257812489,
 0.10189794921874995,
 0.09644311523437499,
 0.08407568359374995,
 0.09119116210937506,
 0.09453051757812503,
 0.09064599609375001,
 0.09688500976562497,
 0.10008203125000015,
 0.09764941406249994,
 0.10030346679687496,
 0.09397949218750012,
 0.09630639648437489,
 0.09624780273437494,
 0.09558129882812494,
 0.09355810546874999,
 0.09805444335937485,
 0.0831850585937497,
 0.10066308593749995,
 0.0999362792968751,
 0.09494604492187486,
 0.097611572265625,
 0.09461230468749982,
 0.09958642578124999,
 0.09454541015624995,
 0.09290820312500037,
 0.09572192382812494,
 0.09866308593749995,
 0.09562548828124995,
 0.09938818359374979,
 0.10055200195312475,
 0.09260058593749987,
 0.08746313476562495,
 0.08624951171875006,
 0.09647827148437504,
 0.09510668945312517,
 0.10114965820312494,
 0.09586499023437511,
 0.09670336914062505,
 0.09537890625,
 0.08807543945312535,
 0.09330517578125008,
 0.0976569824218747,
 0.096250244140625,
 0.10032812499999988,
 0.10015722656249992,
 0.09022387695312473,
 0.09702661132812507,
 0.0992316894531251,
 0.0907451171875,
 0.09317626953125013,
 0.093752197265625,
 0.08519726562499996,
 0.09325317382812481,
 0.09175097656249998,
 0.09413525390624988,
 0.09354907226562492,
 0.09919653320312483,
 0.09519091796874979,
 0.09536767578124983,
 0.10138305664062497,
 0.0957778320312499,
 0.09751464843750002,
 0.10038403320312483,
 0.10054541015624996,
 0.10394458007812502,
 0.093669921875,
 0.08928222656250018,
 0.10415527343749997,
 0.09047949218750007,
 0.0910051269531249,
 0.10254711914062509,
 0.09284057617187491,
 0.09046264648437496,
 0.09244580078124986,
 0.09336718749999973,
 0.10189843750000005,
 0.09103784179687513,
 0.09913891601562486,
 0.09805053710937495,
 0.08924340820312504,
 0.09303588867187473,
 0.10153491210937493,
 0.09216284179687473,
 0.095024658203125,
 0.09191430664062494,
 0.09546240234375003,
 0.09178906249999974,
 0.09636010742187495,
 0.10754980468749997,
 0.09507446289062504,
 0.10439941406249997,
 0.09942919921874993,
 0.1014650878906248,
 0.0989838867187498,
 0.0972294921875001,
 0.09381518554687474,
 0.09339843749999988