-0.007976806640625,
 -0.051436035156249976,
 0.011302246093750024,
 0.024361083984374865,
 -0.007033935546875009,
 0.017335449218749965,
 -0.018159667968749994,
 0.09603979492187509,
 -0.02353369140625,
 -0.040040283203125,
 -0.060576171875,
 -0.025422851562500015,
 -0.029644531249999995,
 0.049318603515625004,
 -0.08858398437499998,
 -0.044746337890625015,
 -0.026785644531250007,
 0.09949169921875012,
 -0.013568115234374956,
 -0.07432812499999997,
 0.04293139648437505,
 0.007286621093750056,
 -0.05807690429687501,
 0.004401367187500005,
 0.009649414062500028,
 0.02375268554687504,
 -0.01475683593749999,
 -0.04924511718749999,
 -0.058768798828125024,
 0.025958740234374944,
 -0.025762939453124967,
 0.045340820312499974,
 0.035928222656250064,
 -0.076864013671875,
 -0.022863769531250022,
 -0.048298828125,
 0.02205126953125003,
 0.06234814453124993,
 -0.00493530273437498,
 0.025078369140625056,
 0.011275878906250036,
 0.005592041015625104,
 -0.0015932617187499054,
 0.04217236328124985,
 0.01078149414062507,
 0.021357177734375066,
 0.036745361328125004,
 -0.07844189453125006,
 0.015979248046875005,
 0.033476318359375035,
 0.09720654296874986,
 -0.02847631835937499,
 0.016886962890624968,
 -0.07040673828124999,
 0.0676896972656249,
 0.026793212890625195,
 0.021286621093750013,
 -0.05447656249999999,
 0.04406835937499998,
 0.04222973632812499,
 -0.0030971679687499254,
 0.03675341796875009,
 -0.01844287109375009,
 -0.023150878906250002,
 -0.018175048828125,
 -0.013082031250000015,
 -0.03147338867187499,
 -0.02767797851562498,
 0.010249755859374932,
 -0.035547607421874995,
 0.009417724609374956,
 0.04552294921875,
 -0.01009106445312502,
 -0.012741699218749958,
 0.007643554687500054,
 0.005880859375000047,
 0.016520019531249985,
 -0.07638427734374997,
 0.05810229492187491,
 0.030288330078125036,
 0.03092480468750003,
 0.017936523437499963,
 0.03800537109375002,
 0.053756103515624876,
 -0.023431640624999972,
 -0.0053159179687499725,
 -0.068150390625,
 0.031230224609374968,
 0.05195336914062487,
 -0.05578173828125,
 -0.05517456054687501,
 0.045585449218750074,
 0.05554516601562498,
 0.05472045898437505,
 0.067883056640625,
 0.04049560546874997,
 0.01868725585937503,
 -0.04556884765625001,
 0.04960815429687504,
 -0.06690600585937498,
 -0.0027441406250000022,
 0.0033872070312500058,
 -0.07564721679687497,
 -0.03217675781250001,
 0.057531005859375095,
 -0.023938476562500005,
 -0.027818359375000018,
 0.03465136718750006,
 0.021998779296874993,
 0.04303442382812506,
 -0.019947265624999988,
 -0.007549560546874973,
 -0.06103515625,
 0.039671386718750035,
 0.015047607421874998,
 0.03326489257812498,
 -0.011192382812499957,
 0.023462158203125028,
 -0.046890380859375004,
 0.011152343750000071,
 -0.041114013671875005,
 -0.046129150390625005,
 0.02529541015625003,
 0.06210327148437489,
 0.01149853515624999,
 -0.017583007812499996,
 0.08781689453124997,
 -0.016812744140625002,
 0.0026855468750000555,
 0.037883789062500006,
 0.0047714843750000235,
 0.022970947265624986,
 0.0065505371093749765,
 -0.07094824218749998,
 0.003016113281250038,
 0.049701416015625055,
 -0.040261474609374986,
 0.05388012695312505,
 -0.023859130859374994,
 -1.6601562499940492e-05,
 0.045426513671875,
 0.07564453124999992,
 0.04932299804687501,
 0.04865844726562485,
 -0.006142089843750004,
 0.08510620117187495,
 0.0365769042968751,
 0.07885620117187508,
 -0.043323974609374996,
 -0.015130615234374978,
 0.012940917968750076,
 0.018157958984375,
 0.0213271484375,
 -0.051663818359374995,
 -0.017057861328125007,
 -0.0007834472656249591,
 -0.020103759765625,
 -0.004537109374999959,
 0.08996850585937499,
 -0.030375,
 -0.007851074218750032,
 0.013764648437500027,
 -0.005998535156249929,
 -0.053528320312499995,
 0.016848388671874992,
 0.034668212890624994,
 -0.02214257812499998,
 0.0046948242187500044,
 -0.044900146484375,
 0.008886474609374972,
 0.024704589843750124,
 0.021417480468749917,
 0.006992675781250013,
 -0.0074301757812499925,
 0.005410644531250064,
 0.07567138671874996,
 0.014742919921874986,
 -0.04017919921875,
 0.03843847656249999,
 -0.058657958984374994,
 0.09926147460937518,
 -0.07912695312500001,
 0.06377539062500004,
 0.025290283203124986,
 -0.010762939453125009,
 0.016815673828125044,
 -0.003856445312500012,
 -0.06015966796875,
 0.012368652343749953,
 0.04805224609375003,
 0.024150634765625068,
 -0.044385009765625004,
 0.07049316406250006,
 0.016534667968749917,
 0.03751367187499988,
 -0.0814677734375,
 0.03928344726562505,
 0.051835205078125,
 0.05317138671874999,
 0.07242529296875,
 0.026676757812500007,
 -0.07640771484375,
 0.05228662109375004,
 -0.02240698242187497,
 0.06723876953124996,
 0.07053173828124992,
 -0.004698974609374962,
 0.0020764160156250266,
 0.06355664062499988,
 -0.025480468749999985,
 -0.014888671875000009,
 0.005595214843750029,
 0.04305273437500001,
 -0.042838867187500004,
 -0.05276000976562502,
 -0.0064787597656250084,
 0.057076416015624964,
 -0.007380371093749949,
 0.04026611328125007,
 -0.04681738281250001,
 0.02787988281249998,
 -0.012663574218749973,
 0.04201220703125008,
 -0.03919433593750002,
 0.013436523437500014,
 0.0518874511718751,
 -0.06838720703125001,
 -0.062899658203125,
 0.06276928710937502,
 -0.02874536132812494,
 0.04559252929687496,
 0.03967993164062511,
 -0.006782714843749926,
 -0.021683593749999952,
 0.06806933593749998,
 -0.039758544921875,
 0.021425781249999998,
 -0.07018627929687499,
 -0.008129638671874995,
 0.035584960937499965,
 -0.014985595703125007,
 0.06462548828124992,
 0.007957519531249957,
 0.045271728515625,
 0.04312255859375003,
 0.04143627929687499,
 -0.018031005859374977,
 -0.05299658203124999,
 0.06113891601562493,
 0.007324951171874983,
 0.020715332031249867,
 -0.021142822265624972,
 -0.03255493164062499,
 0.0023063964843750284,
 0.02404516601562512,
 0.006496093749999987,
 -0.05154858398437501,
 0.02034521484374996,
 -0.0302255859375,
 -0.000502197265625004,
 -0.029229980468749972,
 -0.07928759765625004,
 0.06957495117187495,
 0.03912329101562506,
 -0.043258056640625,
 0.06034960937499989,
 0.035873779296874964,
 -0.05277197265625001,
 0.0024689941406250138,
 0.051339111328124964,
 0.026207031250000012,
 -0.031273681640624995,
 0.10449804687499997,
 -0.031165527343750013,
 0.058699951171874876,
 -0.0021000976562499662,
 0.001397460937500039,
 0.0013107910156250346,
 0.016610595703124953,
 0.08231616210937498,
 0.023555419921875043,
 0.015539550781250022,
 0.06059375,
 0.013177978515624966,
 0.021778564453124982,
 0.06153735351562495,
 -0.010952880859375014,
 -0.033731201171875,
 0.008016357421875009,
 0.023434814453125064,
 -0.048095458984375006,
 0.023627929687499938,
 0.0009060058593750031,
 -0.007890380859375004,
 -0.011178955078124997,
 -0.043211914062499995,
 0.028748291015625038,
 -0.06109936523437497,
 -0.05360302734375,
 -0.030111572265624997,
 0.005647460937500015,
 0.0032219238281250284,
 0.059334716796874964,
 -0.03874023437499996,
 -0.048131591796875,
 0.03483862304687502,
 0.015400634765625032,
 -0.04439526367187501,
 -0.009424560546875016,
 0.04999023437500005,
 -0.004724121093750033,
 0.021506347656250036,
 -0.041595214843750006,
 0.022059082031249955,
 0.02263427734375001,
 -0.0007724609374999969,
 0.014369140624999943,
 0.09836596679687482,
 0.03076513671875003,
 -0.0015275878906249596,
 0.014698730468750032,
 -0.003254638671874921,
 0.009762939453125008,
 0.03372265625000004,
 -0.005466796875000013,
 -0.039456542968749994,
 0.027979736328125004,
 0.012079589843750016,
 0.01940722656249999,
 -0.04565869140624999,
 0.002470947265625023,
 0.004787109375000043,
 -0.038382080078125005,
 0.009476074218750019,
 -0.012544189453124993,
 -0.06433422851562498,
 0.07606201171875004,
 0.019635253906249928,
 -0.0028298339843749742,
 -0.044883544921875004,
 -0.009907714843750026,
 0.03753198242187494,
 0.009234619140625178,
 -0.01004565429687504,
 -0.064013671875,
 -0.017688476562500013,
 0.011892089843750009,
 -0.059400634765625,
 -0.02361645507812496,
 0.010983154296874909,
 0.007751220703125006,
 -0.07675732421874998,
 -0.025690185546875008,
 0.035453124999999974,
 -0.06359912109374999,
 -0.0023696289062499765,
 0.05908520507812498,
 -0.01119799804687499,
 -0.10918383789062497,
 0.02789624023437498,
 0.003405517578125017,
 -0.02412646484375,
 0.0038647460937499822,
 0.08232812499999997,
 -0.04758715820312501,
 -0.040453369140625,
 -0.011134521484374993,
 -0.007922363281250011,
 0.041268310546874964,
 -0.023430908203125017,
 0.0030249023437499967,
 0.01623144531249998,
 -0.08391040039062497,
 -0.05649560546875,
 -0.012846679687499973,
 0.0011816406250000355,
 -0.004619384765625012,
 0.022648925781249996,
 0.008447509765625028,
 0.00748364257812506,
 0.0864448242187501,
 -0.0034936523437499867,
 -0.089390625,
 0.04195898437500001,
 -0.046524414062500005,
 -0.027888183593749977,
 0.051685302734375105,
 -0.03179443359374999,
 -0.006893798828124964,
 0.01798535156250003,
 0.051817138671874985,
 0.0596950683593751,
 -0.02277758789062506,
 0.03571850585937497,
 -0.024984130859374953,
 -0.085854248046875,
 -0.03327563476562502,
 0.04287988281249999,
 -0.010047851562500008,
 -0.011324218750000004,
 -0.030796386718750013,
 -0.06321289062499999,
 0.05028662109375004,
 0.07449780273437501,
 -0.007485839843749953,
 0.0018491210937500724,
 -0.02311816406250003,
 0.021187988281250014,
 -0.049355224609375,
 0.02625488281249999,
 -0.01004345703124998,
 0.047802246093750056,
 -0.03847778320312499,
 -0.0010505371093749993,
 0.024975097656250056,
 0.01943286132812505,
 0.016964599609374964,
 0.014626708984375014,
 0.022360839843749925,
 -0.04960351562499999,
 -0.008250488281250024,
 -0.020202148437499984,
 -0.05781469726562499,
 -0.06399926757812502,
 -0.043868164062500006,
 0.004226074218749987,
 0.020144042968749942,
 0.055764892578125114,
 -0.010751464843750003,
 -0.07525610351562503,
 0.04212866210937499,
 0.05648535156250001,
 0.019031005859375005,
 0.08045800781250001,
 -0.0036091308593750315,
 -0.027844970703125027,
 -0.06625732421875001,
 0.0038635253906250666,
 -0.042705566406250006,
 0.006607666015625013,
 -0.014232421874999956,
 -0.08378564453125001,
 0.08951757812499994,
 0.03439746093749996,
 -0.03008911132812503,
 0.01320361328124997,
 0.015354736328125007,
 0.04095703125000005,
 -0.04020385742187499,
 0.05254077148437508,
 -0.01329223632812504,
 -0.02719580078125,
 -0.08519750976562501,
 0.03833056640624999,
 -0.03714501953124999,
 0.0006945800781250067,
 -0.030071044921874956,
 -0.0035183105468749587,
 0.013015380859375036,
 -0.013744384765625006,
 -0.03932250976562501,
 -0.011955078124999963,
 -0.0003242187499999938,
 0.06603002929687507,
 -0.009052001953125,
 -0.04892773437499999,
 0.06209692382812504,
 -0.08055664062500001,
 -0.033608398437500006,
 0.015426269531249981,
 0.017741943359375012,
 0.004654541015624958,
 0.026483642578124966,
 -0.0456943359375,
 0.010367919921874968,
 0.027582519531250016,
 -0.078112060546875,
 0.014266601562500036,
 -0.07813378906250001,
 0.0007592773437500311,
 -0.04907958984374999,
 0.05866796875000002,
 -0.021264160156250045,
 -0.041832763671875,
 -0.017026611328124996,
 0.005978515625000014,
 0.02955419921875002,
 -0.07635888671874999,
 -0.00954345703124998,
 0.02139306640624994,
 0.006853271484375034,
 0.07029663085937488,
 -0.006258056640624898,
 -0.016899658203124945,
 0.008671142578125013,
 -0.044478759765625,
 -0.007643554687500026,
 0.09452856445312507,
 0.03032421875000002,
 0.10964916992187479,
 -0.038247070312499964,
 -0.0626025390625,
 -0.01005908203125,
 0.03370703125000002,
 -0.06863989257812494,
 -0.059059326171874996,
 -0.009209960937499984,
 -0.0007131347656249565,
 -0.021122314453125013,
 -0.02154150390624998,
 -0.08889160156249992,
 0.020457519531250024,
 -0.030137207031249988,
 -0.060687255859375,
 0.05376489257812489,
 0.010280029296874993,
 0.03537231445312494,
 -0.06161157226562501,
 -0.05317724609375001,
 -0.010163574218749916,
 -0.046231933593749996,
 -0.005285888671874961,
 -0.0009992675781249627,
 -0.029861328125000003,
 0.04040844726562509,
 0.0011740722656249925,
 0.006147216796875021,
 -0.031614501953124985,
 0.03729882812500007,
 -0.023204589843749984,
 0.06066625976562512,
 -0.009857177734374944,
 -0.1022529296875,
 0.005572753906250005,
 0.0478652343749999,
 0.007949707031249975,
 -0.01825927734375002,
 0.03752709960937495,
 0.09016455078124996,
 0.004708007812500026,
 -0.013854492187500012,
 0.03384057617187508,
 -0.0010634765624999987,
 0.032421386718749945,
 -0.022139160156250004,
 0.04405395507812515,
 -0.023684082031249998,
 0.020009521484375015,
 0.0695048828125,
 0.08521972656249988,
 -0.02972021484375001,
 -0.003156494140624966,
 -0.020971679687499994,
 0.023041748046875032,
 -0.03235888671875001,
 0.009553710937500126,
 -0.03814599609375001,
 -0.03624633789062498,
 0.03640502929687506,
 0.04004199218750004,
 -0.009705810546875082,
 -0.020277587890624976,
 0.020949462890624937,
 -0.02164916992187499,
 0.011506347656250027,
 -0.0022998046874999623,
 0.0045026855468750515,
 0.08312402343750014,
 -0.04148876953124998,
 -0.084278076171875,
 0.06740551757812496,
 -0.02638208007812501,
 -0.006927001953124956,
 -0.0042055664062500275,
 -0.076230712890625,
 0.023709472656250008,
 0.032572265624999985,
 0.0225830078125,
 -0.017402343749999993,
 -0.04312890625,
 -0.007919189453124975,
 0.021354736328125012,
 0.015063476562500011,
 -0.05434594726562503,
 0.04203515624999998,
 -0.02532666015625,
 -0.004071777343750027,
 -0.015090087890624992,
 0.01739892578125002,
 -0.03172167968749999,
 0.07279565429687496,
 -0.035610595703125,
 0.020671386718750018,
 0.024452880859375026,
 -0.040000488281249996,
 -0.0074965820312499765,
 0.0055312499999999876,
 -0.00986401367187495,
 -0.07144506835937503,
 0.008971679687500012,
 0.027292724609374985,
 0.01702563476562502,
 0.08509692382812517,
 0.016206542968750015,
 0.060012451171875036,
 -0.01892919921874997,
 -0.008201171874999968,
 -0.018552246093750002,
 0.033214355468749956,
 0.012468017578125046,
 0.05788159179687502,
 -0.012361328125000015,
 0.04349194335937501,
 -0.03316748046875001,
 -0.02089477539062501,
 0.06380664062499997,
 0.011015624999999973,
 0.01958203125000002,
 0.018335937499999955,
 -0.08459472656249997,
 0.03488085937500007,
 0.0002431640625000786,
 0.08285351562499987,
 0.012577392578125068,
 0.031091796874999966,
 -0.021173095703125006,
 -0.010764648437499913,
 -0.01758666992187502,
 -0.006874267578125037,
 0.08501147460937497,
 0.021289062499999956,
 0.005511718750000005,
 0.0057209472656249705,
 0.019553955078125074,
 0.028355712890624996,
 -0.007014892578124932,
 -0.03054003906250001,
 -0.017451904296874987,
 -0.0012492675781249352,
 -0.027989501953124968,
 0.050345458984375036,
 -0.01964648437499994,
 -0.08989453124999996,
 -0.010810058593750005,
 -0.03916601562500001,
 -0.010468994140625021,
 -0.00545068359374995,
 0.004049316406250003,
 -0.005813964843750075,
 -0.01769628906249998,
 -0.071986083984375,
 0.008262939453124951,
 0.0043088378906250835,
 -0.012741699218749986,
 0.03794970703125006,
 0.049022460937499956,
 -0.015970214843749997,
 -0.012151611328125034,
 0.037612060546874826,
 0.01047802734375003,
 0.016865234375000038,
 0.013427001953124962,
 -0.063646728515625,
 -0.048716796875,
 0.028477294921875007,
 -0.025138916015625012,
 0.03457983398437503,
 -0.055710693359374994,
 0.05207275390624988,
 -0.083878173828125,
 0.01540136718749996,
 -0.050037841796875,
 0.01143896484375001,
 -0.040201171875000004,
 -0.056770263671875,
 0.057679687500000076,
 -0.057794189453125006,
 -0.0017136230468749458,
 0.00013891601562504574,
 0.015699462890625016,
 -0.017869873046875012,
 0.040651367187500065,
 -0.058588134765625,
 0.02942236328125003,
 0.011189697265625131,
 -0.056072021484375,
 -0.004485351562499906,
 -0.011865478515625028,
 -0.029039794921874973,
 -0.04027661132812501,
 -0.011691650390624975,
 -0.09512890624999998,
 0.06758032226562505,
 0.009019042968750002,
 0.03751733398437501,
 -0.014941406250000011,
 0.06475195312500004,
 -0.006463134765624934,
 -0.00687402343749996,
 -0.005854736328124999,
 -0.04861303710937499,
 -0.00458593749999997,
 0.03065966796874997,
 0.043943603515625096,
 0.0035402832031250497,
 -0.069369873046875,
 -0.01519482421875,
 0.03739038085937507,
 -0.0006345214843749836,
 -0.005466552734374963,
 0.008009521484375004,
 -0.07596630859375,
 -0.006317382812499994,
 0.02742504882812502,
 -0.046714355468749996,
 -0.004222656250000012,
 -0.019473144531249986,
 -0.03605859374999999,
 0.032872802734374984,
 -0.009175537109374965,
 -0.0038789062499999805,
 0.030563232421874975,
 0.005902587890625033,
 -0.0332607421875,
 -0.010414306640624982,
 -0.042876953125,
 -0.06523559570312502,
 -0.06892480468749998,
 -0.02621972656249999,
 0.0006621093749999973,
 -0.05777099609375,
 -0.05508544921875001,
 -0.02430810546874998,
 0.002687255859375015,
 0.016286376953125015,
 0.07864404296874994,
 -0.005091064453124988,
 0.012316894531249956,
 0.00843310546875009,
 0.01617041015624998,
 -0.05188769531250002,
 0.009581542968750023,
 0.006550537109375032,
 0.06602075195312496,
 0.00497094726562497,
 0.03433691406250006,
 -0.010858154296875006,
 0.032496582031250054,
 0.03574951171874996,
 0.009360107421874986,
 -0.008547607421874964,
 -0.010578369140624988,
 -0.016713378906249965,
 -0.005922119140625015,
 0.004763671874999986,
 0.03849316406249992,
 0.005241943359375112,
 0.06454272460937494,
 0.02091137695312506,
 0.07843261718749994,
 -0.04491162109375001,
 -0.06288183593750002,
 -0.008270507812499939,
 -0.015528320312499955,
 -0.03792578125,
 -0.08017773437499998,
 0.007884765625000012,
 0.029794433593750003,
 0.027847412109375025,
 -0.04118115234375001,
 0.006217529296875024,
 0.03972436523437506,
 -0.02044409179687498,
 -0.04836718749999999,
 0.07566162109374996,
 0.016337646484374968,
 0.015545166015624945,
 0.03060180664062495,
 0.004706542968750005,
 0.01513159179687501,
 -0.00439111328124997,
 -0.048339599609375006,
 0.030998779296875,
 0.09478637695312497,
 -0.0318017578125,
 -0.03935888671875,
 0.06664086914062506,
 -0.02227563476562497,
 -0.017952392578125004,
 -0.021411132812499983,
 0.03423730468750019,
 -0.04061376953125,
 0.03268481445312499,
 0.007672363281250011,
 -0.026679687499999993,
 -0.03171166992187499,
 0.042985107421875,
 0.08243481445312495,
 -0.02943896484375,
 -0.06002929687500003,
 0.07090087890624996,
 -0.011574462890624998,
 -0.022219482421874992,
 -0.025293945312500003,
 -0.03339453125,
 0.018613281250000058,
 0.09174633789062492,
 0.04626342773437497,
 -0.07640283203125,
 -0.004709472656249991,
 -0.039047119140625,
 -0.010717529296874972,
 0.037572509765624984,
 0.07081127929687514,
 -0.04395556640624999,
 0.09040917968749995,
 0.0055510253906250195,
 0.0035998535156249734,
 0.017504882812499956,
 -0.034781005859374964,
 0.054882812500000044,
 0.005785888671874961,
 -0.023600830078124968,
 0.04088354492187507,
 0.08628979492187483,
 -0.025239746093750015,
 0.016750976562499964,
 -0.02621337890625,
 -0.020628417968749924,
 0.03645922851562505,
 -0.02989355468749999,
 -0.07473168945312503,
 -0.03710351562499999,
 0.06538525390624994,
 0.02531958007812518,
 -0.02416162109375003,
 0.014018554687500018,
 -0.06998486328125,
 0.0065500488281251545,
 -0.027243164062499936,
 0.06779418945312488,
 -0.08620898437499996,
 0.07244921874999988,
 0.05572875976562497,
 -0.022514892578125,
 0.07198803710937496,
 -0.066287109375,
 -0.08742651367187493,
 -0.02351855468749997,
 0.09136474609375,
 -0.018804199218749984,
 -0.027291992187499975,
 -0.06376171875000002,
 -0.015328857421875008,
 -0.0070104980468749245,
 -0.027202636718750006,
 -0.008374023437499989,
 -0.060222900390625,
 -0.003460449218749939,
 -0.00095947265624996,
 -0.02332958984374997,
 0.07092260742187506,
 -0.02632739257812497,
 0.021705810546874982,
 -0.06515380859374997,
 -0.09688500976562497,
 0.01388208007812508,
 0.01465844726562504,
 -0.0066696777343749625,
 0.023348632812499992,
 0.0030517578124999445,
 -0.07395019531249997,
 -0.048189208984374995,
 -0.06453198242187502,
 0.09765917968749993,
 0.00725634765624994,
 0.0776181640625,
 0.07876196289062498,
 -0.05793627929687502,
 -0.027557373046875,
 0.10032861328124998,
 0.06006909179687503,
 0.02909008789062495,
 -0.032952392578124996,
 0.032113281250000014,
 -0.06501123046875,
 0.033475097656250064,
 0.034574707031250096,
 0.009120117187499999,
 -0.013489257812499988,
 0.03316528320312495,
 0.03628076171874994,
 -0.10299389648437496,
 -0.005228515624999985,
 -0.03880786132812497,
 0.05699414062500008,
 -0.03712207031249998,
 -0.021748291015624976,
 0.04753027343749994,
 0.012415039062500022,
 0.06510424804687498,
 -0.05124633789062499,
 -0.00010571289062494271,
 0.011358886718750072,
 0.014451171875000002,
 0.09369165039062488,
 -0.009199951171875054,
 -0.08342919921874997,
 0.02350927734375008,
 -0.02096997070312498,
 0.041108398437499916,
 0.025153808593749938,
 0.05766503906250009,
 0.02797167968750003,
 -0.015124267578124989,
 0.028406982421875004,
 0.022308349609375,
 0.0535190429687501,
 -0.011157470703125005,
 0.0758857421875001,
 -0.028123291015624996,
 -0.034250488281250005,
 -0.048287353515625,
 0.027201904296875024,
 -0.062691162109375,
 -0.08843627929687498,
 -0.09385449218749997,
 -0.01056713867187492,
 0.016286865234374948,
 -0.0006679687499999698,
 -0.0034631347656249867,
 0.05526123046874998,
 -0.004900634765624967,
 -0.049188232421875006,
 -0.013109375000000006,
 -0.048372558593750004,
 0.02115063476562501,
 -0.06837841796875004,
 -0.006940429687500027,
 -0.08336865234375002,
 -0.04828906250000001,
 -0.034782958984375015,
 0.08592407226562504,
 -0.00633837890624997,
 -0.004267822265624999,
 0.017213378906250076,
 0.09301977539062489,
 -0.01762158203124997,
 0.00756591796875003,
 0.04182348632812505,
 0.029063476562499968,
 -0.05388037109374999,
 -0.10705957031249991,
 -0.066462646484375,
 -0.023508544921874985,
 -0.004166503906250035,
 0.09552246093750005,
 -0.03415893554687499,
 -0.09741601562499996,
 -0.06235522460937501,
 -0.03233984375,
 -0.06652905273437498,
 -0.01589721679687499,
 -0.033395751953125,
 0.093151611328125,
 -0.07199584960937501,
 0.035510742187499944,
 -0.023913330078125017,
 0.04638598632812485,
 0.0017810058593750178,
 0.02130126953124989,
 0.03688305664062497,
 -0.016344482421875,
 0.055910400390625115,
 -0.006172607421874976,
 -0.014710693359374971,
 -0.029913330078124967,
 0.010571533203125039,
 0.10858544921874991,
 -0.008732666015625001,
 -0.03930395507812501,
 0.016839599609374978,
 -0.012469970703125,
 0.03287182617187501,
 0.060348876953124964,
 -0.024960205078125002,
 0.047175292968750115,
 -0.01972143554687497,
 -0.043647705078125,
 -0.0008537597656249618,
 0.015697753906250056,
 -0.05757568359375001,
 -0.018774414062499994,
 0.028578613281249998,
 -0.008929443359375011,
 0.03873803710937518,
 -0.0018342285156249805,
 0.0037753906250000413,
 0.04993041992187497,
 0.00568212890625