-0.004529896777021758,
 -0.0002287797380570722,
 0.02668182816410547,
 0.00018140197001115244,
 -0.010995404611664372,
 0.029882494064780052,
 -0.01507745261465964,
 0.07055510060143855,
 -0.016336409205088387,
 -0.01300572117769383,
 -0.026132839567116928,
 -0.009653422082474827,
 -0.006109146123754017,
 0.037011311252766244,
 -0.04436362262954063,
 -0.0033688667343940697,
 -0.01721232817746491,
 0.06771290660489693,
 0.02747183391139224,
 -0.025685378927712915,
 0.025328252988240818,
 0.019254006529494827,
 -0.02894367384505893,
 0.009690161758814153,
 0.027269494584191867,
 0.036907036734966536,
 0.0034431044432997604,
 -0.01461794162326388,
 -0.029012578160771546,
 0.005859895117902969,
 -0.0015909630582946477,
 0.04839070024861847,
 0.030905005833854915,
 -0.039471853179372685,
 0.010616013717185624,
 -0.026377416661260505,
 0.018731979893712225,
 0.04036987912803336,
 0.023775512203394078,
 0.032390883719299546,
 0.018439151511466134,
 0.015499031964086807,
 0.024743038071746437,
 0.03140943032661769,
 0.018061239411630015,
 0.015041598283444091,
 0.02042584897741151,
 -0.02234486674435604,
 0.02656322225556007,
 0.028337128214667273,
 0.06501810397093277,
 -0.014246601884443669,
 0.012787017382573929,
 -0.030860724764642328,
 0.060565036141159156,
 0.004382956420749484,
 0.015229172986301887,
 -0.041483056628699694,
 0.030865099082515335,
 0.024575851362179435,
 0.009928392442653644,
 0.017081561808417356,
 -0.011557859807649729,
 -0.023207437137515264,
 -0.021048402145814257,
 -0.0017779200697486952,
 -0.009681701317345831,
 0.010419403243871361,
 0.020823742034874804,
 -0.0036142669342376296,
 0.018522138556227752,
 0.01844177581492712,
 0.02026085689484125,
 0.00047757471478176994,
 0.024535928139785612,
 0.001239846152360502,
 0.01039896674464219,
 -0.04544158432448442,
 0.043955361018105044,
 0.022118172766903255,
 0.01605459761308048,
 0.018779970035389892,
 0.04234105157537782,
 0.03584473002041344,
 -0.013094431685935576,
 0.024705837527857488,
 -0.02027858543908348,
 0.04054610901251521,
 0.04358397429935512,
 -0.01144312370133525,
 0.004108933639060598,
 0.018655751464247583,
 0.032373918507707544,
 0.04990041691385749,
 0.04589197895203756,
 0.026803946671817624,
 0.021002331335766677,
 -0.019871776568700397,
 0.03402867762418538,
 -0.01364865403693527,
 0.0006664829799106764,
 0.010433194908471,
 -0.021604096971821585,
 0.012229900459783283,
 0.042549490315457295,
 -0.011237825997786915,
 -0.0022985691391941288,
 0.049391053624956105,
 0.018620945894383345,
 0.019621978320074174,
 -0.008279205717242805,
 0.007777865298763759,
 -0.020159548432253538,
 0.028750509803781243,
 0.013749622968177666,
 0.03214779748788538,
 -0.004922823746746768,
 0.019070554553953012,
 -0.02765802134605845,
 0.008193684895833386,
 0.00047356735061812594,
 -0.010078263614640579,
 0.03333938831892935,
 0.0303359755715078,
 -0.002912880072401536,
 -0.013779237755344481,
 0.05589377909416959,
 -0.017043147122616842,
 0.014805429222470246,
 0.03615217013888883,
 -0.0013061543708027812,
 0.015725821491911818,
 0.013694415389785441,
 -0.02032568097050516,
 0.0013872017847604001,
 0.028364694636097254,
 -0.008011941037519843,
 0.03992271127852187,
 -0.017152858266901466,
 0.004741360450900289,
 0.019257943900717445,
 0.05137768799126208,
 0.033156924710489144,
 0.04760441188043718,
 0.007511777355673849,
 0.052153537266769634,
 0.03368310025143295,
 0.062149276461385905,
 -0.018300230569638004,
 0.005648085269765013,
 0.016773242962549617,
 0.023185773904914497,
 0.030543358945689325,
 -0.02854204518896901,
 0.01328352524753891,
 0.013224500987293941,
 -0.011416656054449019,
 0.009135725074700118,
 0.06279476334754652,
 0.014622948443700406,
 0.009983258451617794,
 0.030148201379136708,
 0.011444078919127798,
 -0.024478418922657202,
 0.01103447066472557,
 0.03424321366567462,
 0.015147424446093877,
 0.019998280880360986,
 -0.018680368887839582,
 0.019954249537354918,
 0.02152104772397745,
 0.01738309771825386,
 0.006954303611969637,
 0.009829515319749738,
 0.0009610168531555274,
 0.05300769004216266,
 0.02214623227423984,
 -0.023952192650535397,
 0.023873355821695696,
 0.0008930059523809541,
 0.06579165355044281,
 -0.019422435190785625,
 0.051976436212144206,
 0.017070285790598216,
 0.003479205473567809,
 0.02244732450614967,
 0.005125961955795955,
 -0.03181023387419871,
 0.015471498743227174,
 0.04022340435363936,
 0.02274517451836111,
 -0.010959349915139593,
 0.04798663492540445,
 0.0011628317212301065,
 0.031379690242483105,
 -0.05123358552255036,
 0.026091936400964744,
 0.034620497140663176,
 0.03525964900984435,
 0.048908238121470604,
 0.024658517079708453,
 -0.034185669034741295,
 0.03242863790397965,
 -0.00846860101161856,
 0.05129761469541738,
 0.050187073521597125,
 2.5013950892827097e-05,
 0.012552356671058362,
 0.05046923953325311,
 0.007801606081635409,
 -0.015471402160122855,
 0.005139155565571596,
 0.029889927399989524,
 -0.025364020439480557,
 -0.04286044224330357,
 -0.0010333506825206396,
 0.039621367640605865,
 0.0024470595214248214,
 0.032261807701846834,
 -0.02670975242369719,
 0.015376830488305182,
 0.006493048162774739,
 0.02773378494877521,
 -0.008839497230707732,
 0.006972414494143042,
 0.0412299823169453,
 -0.014129650834191876,
 -0.022428032805535625,
 0.045751351149935116,
 0.002422304161594474,
 0.026959682720341216,
 0.03189968658532982,
 0.010902093497660748,
 -0.004481629356971134,
 0.06189144929506263,
 -0.011511875429258231,
 0.02483676675527957,
 -0.03828149431948258,
 0.00561833373874393,
 0.022735786126850566,
 -0.006429669852716743,
 0.03495120231431825,
 0.008123230733252995,
 0.035643884272871795,
 0.02638098755628049,
 0.0231572370865738,
 0.008300414651537691,
 -0.00151807743580204,
 0.04497292879570547,
 0.01401406858115839,
 0.025071038184905525,
 0.001869054177159657,
 -0.02194034747262286,
 0.023780694012881298,
 0.02375720974988571,
 0.03002720643021506,
 -0.030773261206024874,
 0.013717620633489747,
 -0.023875622589897647,
 0.02707008851066467,
 -0.00037592379950779353,
 -0.04051279922876605,
 0.0342101916638049,
 0.03239449923448956,
 -0.00966544727516408,
 0.06236932842548071,
 0.025303644066401954,
 -0.0036707634133345823,
 0.01128673466832647,
 0.0540738916194482,
 0.01337031214228479,
 0.0015351701412736618,
 0.07491388543097544,
 0.007733796812996019,
 0.03582792515644073,
 0.023492290462358845,
 0.006267763540712901,
 0.01901007844694369,
 0.01107879827240621,
 0.052275954264919156,
 0.015844393589266703,
 0.017385628791781182,
 0.054768505740136586,
 0.0034097704964834996,
 0.001942295291514018,
 0.04424427195006342,
 -0.0031281978546627287,
 -0.010496891582124301,
 0.009525111189808422,
 0.020851526132287912,
 -0.011612957060824734,
 0.02726087300799851,
 0.012936212523370738,
 -0.013201312576312574,
 0.015708295599708877,
 -0.012227229996565933,
 0.017936761973920134,
 0.0018567368263638917,
 -0.0011619566306089735,
 -0.025979029903395567,
 0.0036562802865536814,
 0.011017546109489462,
 0.03335437898662652,
 -0.005315531738221607,
 -0.018736751838656134,
 0.02919919036779528,
 0.024851212594913796,
 -0.016658479102277954,
 0.015388211793631645,
 0.04826581685458642,
 0.010405114771434965,
 0.010569450465983732,
 -0.035685455478766025,
 0.029690448678534043,
 0.029714809886294324,
 0.022215518281631597,
 0.019654328417408107,
 0.05477230294661928,
 0.010889575284741326,
 0.006885885512057377,
 0.012893183915693662,
 0.008635958366720153,
 -0.0032810968382745442,
 0.03464877589858062,
 0.011268123700301391,
 -0.004657824543078448,
 0.0172271288227831,
 0.021435915500515157,
 0.018958314195570036,
 -0.008289473037812883,
 0.010273212854853442,
 0.014397068565444093,
 -0.007969417615804324,
 0.013342387331083727,
 0.006172704541552193,
 -0.013564365444260179,
 0.05416268464066332,
 0.014437254309275782,
 0.007279724344665783,
 0.00024796877384768157,
 0.0009521943498900787,
 0.03031027584283219,
 0.016727745643029035,
 0.018722978978326477,
 -0.016075393248244793,
 -0.013188843682741341,
 0.015102066401480485,
 -0.019515228591937574,
 0.0035967256539033987,
 0.00837149969713441,
 -0.007916340947078382,
 -0.019871040874225532,
 -0.024504879652682388,
 0.0287484418522016,
 0.0006626803480807575,
 -0.013290696304563476,
 0.040728066453945444,
 0.015537633879336932,
 -0.037035664625374,
 0.01637232691353785,
 0.010912022767536889,
 -0.017575521866606637,
 0.014528960194077067,
 0.04259910112131793,
 -0.0008578748020642568,
 -0.007521658999637512,
 0.006032070658291311,
 0.011507522333352393,
 0.031367665049793936,
 0.008307776479643036,
 0.00010733035952761871,
 0.008314199712457171,
 -0.025691362012553398,
 -0.02857326925461691,
 -0.0033519736340048567,
 0.018876900428061394,
 0.00035266915159493095,
 0.011557131589114034,
 0.004634375715430461,
 0.011002308021812846,
 0.05320741328983514,
 0.00332682238009388,
 -0.03989734389071847,
 0.0358014923282014,
 -0.016034248130341877,
 0.005459764671092798,
 0.03779113659235733,
 -0.009792651754712292,
 -0.01043431055164451,
 0.009071848520384451,
 0.031005078268103725,
 0.04339631855375736,
 0.002283981572897553,
 0.032938431013431024,
 0.013930069539835194,
 -0.045967715547256593,
 -0.02619973505227409,
 0.03860465286124459,
 -0.01833687596583105,
 0.0020608767480349635,
 -0.010965099814465057,
 -0.01278907502156093,
 0.03541121174832107,
 0.042859897383432544,
 0.009895825582837359,
 0.018244855397436754,
 -0.00441494253901481,
 0.01455598081931092,
 -0.022889024820665432,
 0.014555322504101798,
 -0.0019359189584287062,
 0.031872124625591525,
 0.007043531793727104,
 -0.003261694783081498,
 0.015244860347985334,
 0.017510246603789636,
 0.020330573322077217,
 0.01657562975761223,
 0.04356923840048832,
 -0.00715496818719475,
 0.007190994460183897,
 -0.02281149177970465,
 -0.012499460684714594,
 -0.03664275483630952,
 -0.01730043808188339,
 -0.0027844795490711838,
 0.02155921313387127,
 0.0368189130585127,
 -0.00854571080897669,
 -0.03050494928790831,
 0.017981572257277367,
 0.04303587096497252,
 0.005022840175232746,
 0.05136598408855453,
 -0.01100951409159423,
 0.010703714156936828,
 -0.023184146956559085,
 -0.009957688193967473,
 -0.0179209719479739,
 0.008127415379291236,
 0.019470854975103036,
 -0.01978396678733596,
 0.05252698060945138,
 0.032130076157566356,
 0.009427947390602098,
 0.0097436687112189,
 0.007519896059886233,
 0.0225796329133634,
 0.004156565981761312,
 0.024869529103708876,
 0.012446642902453398,
 -0.003289734587244325,
 -0.0324864805116758,
 0.007945220626812244,
 0.004373707873073113,
 0.00546796928657281,
 0.008620126905429626,
 0.0190921136914301,
 0.017482264003357728,
 -0.006579741991949023,
 0.003265824187748012,
 0.0036922144478785945,
 0.02518248399820666,
 0.04598614741920404,
 -0.0013514566292272268,
 -0.005255345371205825,
 0.0356341798246409,
 -0.03731661995130664,
 -0.0226069579183837,
 0.014519447485023651,
 -0.00063050106360657,
 0.0058588786105387425,
 0.01260121503930095,
 -0.03263266506171782,
 0.015645125295711215,
 0.036195796786275825,
 -0.03179116636074303,
 0.02034578212044036,
 -0.013290515300671601,
 0.02244316501640725,
 -0.021585281429833472,
 0.03224909748454685,
 0.007217500497284868,
 -0.021760985910790596,
 0.005535914367750305,
 0.018486717974950412,
 0.023438457094454135,
 -0.02998021983983898,
 0.005128784433100053,
 0.020578305228842353,
 -0.004198677788754324,
 0.046408719043123825,
 0.012443186965031272,
 0.005704013702880817,
 0.016225096225389313,
 -0.03238562801673153,
 0.019695185316716796,
 0.04742796155189155,
 0.009700923739888734,
 0.07619626461862783,
 -0.009112307847317591,
 0.0006925634509231116,
 0.0020933165684142163,
 0.026501509414544322,
 -0.024125224883623342,
 -0.006533374112866253,
 0.006909130859375001,
 -0.0022536776699862426,
 -0.004865563294127739,
 -0.020945927219202187,
 -0.03386790436126369,
 0.028569123395051133,
 -0.027371769593253964,
 -0.005194558284646308,
 0.03745020884605832,
 0.0025009353606018636,
 0.02873978711175973,
 -0.0049746769019893555,
 -0.011045794120972114,
 0.008371539785888504,
 -0.0023425596467536447,
 0.0219148424979968,
 0.03214983640491459,
 -0.03126107457531635,
 0.023292820655906543,
 0.005872663148783763,
 0.006418657769097225,
 -0.025564451187139375,
 0.028380316244085768,
 0.0013173747639079747,
 0.04946042089962999,
 0.0016438150445475253,
 -0.039081083841288944,
 0.004177565593044108,
 0.0407332189240881,
 0.008323324054657966,
 -0.012779661863743907,
 0.028841309011084393,
 0.07253377494294933,
 0.00982554551568221,
 0.008459283133481238,
 0.01664518044347152,
 -0.002453839444491124,
 0.040161268939755246,
 -0.016094314275199556,
 0.025668332307883124,
 -0.009134400174300117,
 0.013881275934352177,
 0.056947150798420276,
 0.05224349423363095,
 -0.018104303790827225,
 -0.0012836336878166987,
 -0.011260043569711553,
 0.0061690604371756885,
 -0.011454744734432233,
 0.024044091635883502,
 -0.003517074044661922,
 -0.006254511786724148,
 0.030641116858402095,
 0.033098928112645476,
 0.015920069241846857,
 -0.017096509236206495,
 0.027492507774343644,
 -0.013614260554983215,
 0.015187647557520556,
 0.031944093704689425,
 0.007741340490022175,
 0.045109129845848694,
 -0.025030550786019526,
 -0.038884212299202525,
 0.05926092784882997,
 -0.00986013097433483,
 0.010646610693699265,
 0.007714510597909008,
 -0.028243623249580296,
 0.02748524466527391,
 0.025215119250324325,
 0.02639167399982828,
 -0.0035762182345887017,
 0.00529762870592948,
 -0.008352343332665602,
 0.03415065306871945,
 0.001554747335173301,
 -0.033047713007478635,
 0.018527347715160958,
 -0.015271445682139048,
 0.009621176799545883,
 0.0062534828344399385,
 0.016337806919642928,
 -0.027459268047981655,
 0.05254757886427808,
 -0.00739964037698411,
 0.015647643871542605,
 0.016513998349740544,
 -0.026961700268047926,
 0.005275349726228562,
 0.011656918152377183,
 0.012562417188930919,
 -0.020046835710947064,
 0.0146315373645452,
 0.0127780250782204,
 0.02663004706339661,
 0.0470724373194511,
 0.012785466814524471,
 0.043300308648599795,
 0.0015159426600756531,
 -0.0032175614057348145,
 0.005173484956883412,
 0.008051158699156624,
 0.024515538134825265,
 0.052935203784230334,
 0.006509843348117522,
 0.021992601874227247,
 -0.0025553455767323013,
 0.007059685735271687,
 0.02345170451293499,
 0.01335750885941317,
 0.018529714170924805,
 0.008650961657699963,
 -0.026092770158444023,
 0.012692783174504285,
 0.023544002427693944,
 0.05759327021552341,
 0.005985900126121935,
 0.02760435094961461,
 -0.012893813168293591,
 0.021953231599130096,
 0.01278780572725885,
 0.014612041168268697,
 0.052673622259901576,
 0.019372845600579947,
 0.007611652821000292,
 0.007353550442612933,
 0.014923502296096625,
 0.023672549472012305,
 0.021840485192975434,
 -0.02686680218110883,
 0.01754911453563801,
 0.02305742846968878,
 0.011205916430574614,
 0.03840662882039847,
 0.01676421774839748,
 -0.038254100429735094,
 0.019757699283138752,
 -0.0101803700802236,
 0.019796416409111728,
 0.01958307295443018,
 0.0028340435768658134,
 0.00025386535122862153,
 0.007540061777415286,
 -0.028009359022054314,
 -0.0051923356537125764,
 0.029290243223569767,
 -0.009944030329479547,
 0.03243841771116357,
 0.04153004938854532,
 0.017471755165407554,
 0.007388789398793394,
 0.027966305582612705,
 0.016822810521593512,
 0.015430765057425244,
 0.012884046855921816,
 -0.045326473488534025,
 -0.0023144954546321667,
 0.024025917062538205,
 0.01944974065647894,
 0.037042653653863,
 -0.012119809075473128,
 0.03722768846821578,
 -0.017310988593654597,
 0.01864828004569208,
 -0.015089192589094925,
 0.011625549152453452,
 -0.010586968912164228,
 0.004538110563236525,
 0.025738372836274226,
 -0.005687458803132622,
 0.01755453737885382,
 -0.0026676591394992344,
 0.015009012217166495,
 -0.0050742889005544745,
 0.02814637091966188,
 -0.024089134314133273,
 0.014300769147302272,
 0.02278126860119062,
 -0.007485593616452985,
 0.019804070858611966,
 0.001007146493914035,
 -0.0062276554845829,
 -0.004062330720421441,
 0.01875211338141025,
 -0.03598560885076402,
 0.031243330519307166,
 0.015548314207493918,
 0.029545819919013283,
 -0.012406895914415433,
 0.04075566275668019,
 0.016024046763379318,
 0.0018304324255480064,
 -0.0036539165641216453,
 -0.014754805665254882,
 0.004173802187480924,
 0.025711841327075713,
 0.03151808280153001,
 -0.0057710269764956745,
 -0.023247298594417723,
 -0.011989502608936192,
 0.02413176714534243,
 -0.012289694761618564,
 0.01554054150503914,
 0.011464361907623621,
 -0.04157108847901912,
 0.01699038606476677,
 0.008033438084268096,
 -0.019620066564617927,
 0.011006414548992649,
 -0.01727161112541971,
 0.0027265503958244335,
 0.02475214396605996,
 -0.007228074741014168,
 -0.0018356050227438803,
 0.012015167128255011,
 0.01648569431328223,
 0.0040860312626408435,
 -0.0055554908091040855,
 -0.03360334404094169,
 -0.0199345421722375,
 -0.053570898497119185,
 -0.016459921111874234,
 0.0073834635416666905,
 -0.008521013743188262,
 -0.02862361460853546,
 -0.014328096084687852,
 0.02421107367025338,
 0.010380515491452968,
 0.04643277585356498,
 -0.004597255132020722,
 0.02518534148685514,
 0.002103253002422978,
 0.024250836934332998,
 -0.014117648117941098,
 0.014549208197401575,
 0.011172530691964278,
 0.044882735352755,
 0.013856199889905663,
 0.027095998574211633,
 -0.005765105444660912,
 0.024245522081116744,
 0.01937522011408732,
 0.005036172255416915,
 0.011807910156250018,
 -0.0024976191072382803,
 0.008906714373950742,
 0.006353052562671602,
 0.003455778885213756,
 0.029818491686160464,
 0.019947972884500176,
 0.05529281218998017,
 0.0033023823832417643,
 0.05846926684233411,
 0.014685975537049749,
 -0.0063682988481594816,
 0.02026403185573117,
 0.010114857803961486,
 -0.01469952787555326,
 -0.030851744398179892,
 0.0007251826136103756,
 0.02131440399877893,
 0.014860543417086314,
 -0.013299034168956045,
 0.013188158026196828,
 0.03091592232095175,
 -0.011905568850637177,
 0.0013115573608249477,
 0.05241212773771364,
 0.0005071825635302174,
 0.020953000932444288,
 0.02158122925251832,
 0.0024145746914687183,
 0.013409836094894712,
 0.00917048987685462,
 -0.013863265570150343,
 0.02704634483114743,
 0.06196224564535857,
 -0.02304144929506257,
 -0.02692241214515089,
 0.0407913754268735,
 0.011569849261871878,
 0.01346312457074178,
 0.013555237487122285,
 0.02376971845428888,
 -0.0034104435900102186,
 0.012175195688146845,
 -0.00742091149410487,
 -0.02405016796183332,
 0.005529204901153606,
 0.02857895364726426,
 0.047884303158863606,
 0.006178102881276723,
 -0.012944680178762241,
 0.048564353757470036,
 -0.0009686054234394337,
 0.011954927467280968,
 -0.017424413466308002,
 -0.02430975227029914,
 0.02295057610033202,
 0.05095580100780306,
 0.05340929564684449,
 -0.03235745609642093,
 -0.02192517742673994,
 -0.0009182378144939121,
 -0.013909667372557999,
 0.020873088489201774,
 0.05080596186040531,
 -0.01064103839953449,
 0.048377079875419615,
 0.017465921903617287,
 0.010425675962492387,
 0.011644196059739043,
 0.004283964972543214,
 0.03785978297418724,
 0.010539644871836396,
 0.023366040903540997,
 0.03331317380904453,
 0.057324438446752835,
 -0.007077379759996949,
 -0.003765654571123378,
 -0.009858017590048812,
 0.012384004228193746,
 0.02742297247023806,
 0.011319257359394097,
 -0.03713003951089111,
 -0.009503062638316545,
 0.04315257280696727,
 0.018988733998206664,
 -0.013051615812036343,
 0.026125839021005015,
 -0.03156364701379352,
 0.015563667724997066,
 0.014405136730673895,
 0.04426665313310818,
 -0.03365913580776858,
 0.035239102336451666,
 0.05302091888688565,
 0.00014758118942692633,
 0.033779372174049915,
 0.002770484796678463,
 -0.04540273920415516,
 0.021476873473748492,
 0.049385237034016205,
 0.015133160569580806,
 0.01030562501192385,
 -0.011784777144836056,
 -0.015208813983325686,
 0.017103849492521472,
 -0.0085871791916462,
 -0.01005147354815325,
 -0.01954006851438493,
 0.030777328606723164,
 0.016899722413003693,
 0.002206326789529922,
 0.04564105783539374,
 0.004901345486111125,
 0.008984216532165745,
 -0.006993104383680532,
 -0.03760929451407968,
 0.00879936696333189,
 0.009201534955929513,
 0.007448628042964006,
 0.019221044862255843,
 0.003941462172809773,
 -0.007643661286630021,
 -0.010066867404513888,
 -0.02736337775545894,
 0.059310287708501885,
 0.01769815144707726,
 0.04306122695121717,
 0.046336979405143475,
 -0.014104578586270455,
 -0.003948188709077385,
 0.07080529175475503,
 0.04308123490853788,
 0.03210344974578372,
 -0.025643005296569744,
 0.04786656746031748,
 -0.01536787955474761,
 0.026843694852239752,
 0.024259952888908143,
 0.0006363755818834527,
 0.014101691559810337,
 0.012610582765758549,
 0.03094941281049668,
 -0.03182445299383774,
 -0.005706868827466738,
 -0.00910653438358515,
 0.045587427857652574,
 0.012093986389182548,
 -0.002919266958085323,
 0.031446790670268454,
 0.007226317047752617,
 0.04897616470193433,
 -0.01232765346969997,
 0.022390852566487318,
 0.010416709652110057,
 0.02832503696390415,
 0.06092018751097106,
 0.005678796968005939,
 -0.02154003453144082,
 0.022741473592147288,
 0.012490274235302329,
 0.02540281331082106,
 0.031944920575142866,
 0.04509336254712881,
 0.007698245466556064,
 -0.017025675724015588,
 0.024438173525296314,
 0.02188203578105924,
 0.03118950451675062,
 -0.011633420809355546,
 0.04109787803342502,
 0.011518141287965494,
 -0.01418911161433209,
 -0.037914813406084005,
 0.013335415261469308,
 -0.010368306420722562,
 -0.04634263458438265,
 -0.04469477944473066,
 -0.0027715993804372507,
 0.01760946566206384,
 0.01377778678027708,
 0.0010423511547046904,
 0.03941725021939868,
 -0.01479862148485192,
 -0.04232543444511218,
 -0.00048145968072725587,
 -0.019945301439287827,
 0.02261107993026934,
 -0.04871775704221995,
 0.021498009076427016,
 -0.024053287402701462,
 -0.03408674445497581,
 -0.007832217910697662,
 0.05850677757030309,
 0.002524027431986431,
 -0.02009537067755718,
 0.006822525864774831,
 0.06336051784044938,
 -0.01506906621711479,
 0.007486989919308684,
 0.03553647866348053,
 0.029523389769002262,
 -0.02752309152978097,
 -0.031015614595179097,
 -0.02591224482982299,
 0.0002457142737904705,
 0.006392078456482764,
 0.060282368831282795,
 -0.0212278794881334,
 -0.03197279819083709,
 -0.04383574027968562,
 0.002937628018053945,
 -0.01939363791590354,
 -0.02104803679216212,
 0.009551067158974635,
 0.04875190599026702,
 -0.04218652993599284,
 0.02914230310162924,
 -0.016534894581330145,
 0.026858938325468817,
 0.010081643904056081,
 0.014901984186603157,
 0.02244293566134381,
 -0.0021558020809485656,
 0.04034543006553193,
 -0.012672907402699135,
 0.025715755685286945,
 -0.00662898361535863,
 0.037115813337053605,
 0.06616347370077835,
 0.019873837365976033,
 -0.0240482323372054,
 0.006712215176227332,
 0.008465451105331867,
 0.03805390782413909,
 0.03144346937242448,
 -0.01859514573665894,
 0.018402365960864198,
 -0.006410138662335918,
 0.013569592121203452,
 0.009748232343168128,
 0.004557944139194192,
 -0.003602145396920789,
 -0.012313304859203317,
 0.014312754156650787,
 0.010335871076100511,
 0.02850426819816476,
 0.005867868315156011,
 0.014586274885054207,
 0.03932731149601254,
 -0.014133840156154626