0.02172117620335401,
 -0.005394172775598366,
 0.024235972556089724,
 0.02577031393699819,
 0.014872600744524567,
 0.0008346586681547974,
 0.004088001440814282,
 0.0020180858444827088,
 0.003353453799889272,
 -0.0034759824051816546,
 0.02246534103374924,
 0.001767225238953729,
 -0.005627987733878903,
 0.008783753052503063,
 0.00935962799299539,
 0.005069943516769704,
 0.007963642780830255,
 -0.010030247205051891,
 -0.008547086946256888,
 0.008527643634577142,
 0.007058989144536121,
 0.010580070374503925,
 -0.00337730046646062,
 0.02498583969468382,
 0.01622516133733143,
 -0.0011163287450396964,
 0.008803781943967526,
 0.022047036389174934,
 0.007524322804171368,
 0.013699303240723076,
 0.020541121627938086,
 0.01811202414490856,
 0.0065831458179894525,
 -0.007746162729414696,
 0.02992213974157404,
 0.004626297313797378,
 0.0058720259802116405,
 0.015540643839667134,
 0.026387074931231713,
 0.021852786362942647,
 0.017695902504025973,
 0.0021237559857676946,
 -0.014787759701236261,
 0.015001610970409751,
 0.008445198329231574,
 0.0028974764403850717,
 -0.010365275512248182,
 0.007963093389900026,
 0.010889656427448546,
 0.006242010767111367,
 0.005212222957482998,
 -0.00218024207780067,
 -0.0004989724034645815,
 -0.009399353496787666,
 0.004107603117368743,
 0.011611370752728167,
 0.008053184857677032,
 0.0033257076799068086,
 0.006555881374484873,
 0.013114675146901712,
 -0.007307007163843138,
 0.0241532140879247,
 0.026642503839476528,
 0.014375125722434379,
 0.011335967726934626,
 0.017521412593482905,
 0.01726337401747563,
 0.0206451647636218,
 0.012708334108382902,
 0.029198399343711823,
 0.02633477999322726,
 0.014009094849378012,
 0.01928928160056087,
 0.003907097113410585,
 0.01849791386456412,
 -0.0010452719589437998,
 0.010387487956921515,
 0.025610882476683694,
 -0.00921490909264347,
 0.017821291983840824,
 0.008350362129504907,
 0.0025018340654570925,
 0.0010327764677177526,
 0.008279075392437635,
 0.02042632736187422,
 0.021000204970810454,
 -0.019486411889976345,
 0.004115803132344165,
 0.00999901759410482,
 0.026202973626850604,
 0.03298239397321412,
 0.023421147586137864,
 0.007739146281167897,
 -0.0013312777501641726,
 0.0070816400406604925,
 0.013502551522912798,
 -0.002896864149305567,
 0.021008664100656382,
 0.006313348738934688,
 0.019745801377442,
 0.006414201876898562,
 0.0160445353041056,
 0.020461291697668655,
 0.011362939393505744,
 0.02464774681666146,
 0.000940331554296292,
 0.020510476226247687,
 0.01924479293869824,
 0.0178495182172429,
 0.007606313255971497,
 0.010588555796417098,
 0.0044528650881708876,
 -0.002596184967376375,
 0.004619606397253506,
 0.013934756026308781,
 0.006311600415286445,
 -0.005081702450110692,
 0.025201198408783765,
 -0.000336560222546578,
 0.013268937276812963,
 0.02899370840876228,
 0.009024490911649113,
 0.022893421303062794,
 0.027049822334783036,
 0.017236392156021074,
 0.0071504524501107,
 0.005985656671201434,
 0.012189600622901392,
 0.010116631811013577,
 0.004685212072311207,
 0.02739633169022826,
 0.018073951536744515,
 -0.01194379557251915,
 -0.00867864410437652,
 0.014419841687175639,
 0.007451454529628365,
 0.018115418441945863,
 0.022111519376936676,
 -0.01356535504426129,
 0.013901511227487812,
 0.01883503856169877,
 0.011692817310664405,
 0.007731074600312887,
 0.02763102267198947,
 0.009144430135836386,
 0.01736061185992821,
 0.002766790913079964,
 -0.002246078249007938,
 0.020397023279132065,
 0.024777707665598295,
 0.017589418285247377,
 0.026707318888142595,
 0.015908339639827407,
 0.012904453156005802,
 -0.007928384343521055,
 0.0011722388705981412,
 0.003843615273967038,
 0.016362975403502733,
 0.013218236645814896,
 0.0049453540298437515,
 0.028588524198240983,
 0.03590615334547487,
 0.0030300703148847807,
 0.0268578973663699,
 0.01926731070023431,
 0.016908869786897096,
 0.00849091805222707,
 0.017559205204517814,
 0.01174097663404311,
 0.015789619999141524,
 0.024449938949938854,
 0.010063616429143767,
 -0.009341796696142407,
 0.0319190507788652,
 0.0012670275042644952,
 0.0004161905477335151,
 0.007255563538216436,
 -0.001389140958867524,
 -0.002456037485260354,
 0.010984575737847224,
 0.024749313663766814,
 0.0090396994715356,
 0.028841623919700098,
 -0.002752272326198235,
 0.01913346055040488,
 0.017491526442307614,
 0.011294475983001262,
 -0.007041926248664621,
 0.02755187275831794,
 0.0004990902787848084,
 0.016526815464266598,
 0.01984890032385156,
 0.018061714815132746,
 0.007601097115318534,
 0.02113968615124895,
 0.002570067882421423,
 0.019384790247729766,
 0.018953928964915323,
 0.0011413801693773706,
 0.012100186250381562,
 0.01588014370612026,
 -0.0030968674283615664,
 0.019916029456654466,
 0.012940609975961526,
 -0.003790900068880526,
 0.0177793923668087,
 -0.0028698280939979948,
 0.03826890620230472,
 0.016567144156841435,
 0.008830249649439126,
 0.02057530662154694,
 0.0107728436331464,
 -0.005976845273866757,
 0.015439544301434127,
 0.013912297235099957,
 0.025638531173687418,
 0.025356527328724177,
 0.010528836197439662,
 0.00707228011423483,
 0.007564561618697341,
 0.009657617366357604,
 0.024547316718654566,
 0.017947064589056705,
 0.005631830899062384,
 0.008771804649343684,
 -0.0028881638597946235,
 0.002416617242349664,
 0.025705720819978642,
 -8.982288327991084e-06,
 -0.0012640414544223127,
 0.00580140421102332,
 0.009688007182844294,
 -0.0013658422967833816,
 0.013807993861607137,
 0.01646506660657049,
 0.024281581523232454,
 0.015606112875839406,
 0.017387392052219397,
 0.0038172038952800635,
 0.00999473920177063,
 0.009872319223243553,
 0.006267866264594746,
 0.023081151509081188,
 0.025633658734928264,
 0.009003718873784539,
 -0.010875668442661246,
 0.0068421135125724675,
 0.012211242772650621,
 0.021465587262400387,
 -0.0018869024367559606,
 0.017642001965048837,
 0.0019015412073837556,
 0.023386658892323053,
 -0.000860997347098616,
 0.014182693002570135,
 0.00030929242740762586,
 -0.000609163530696788,
 0.009054844358115821,
 0.009441666905143475,
 -0.01598753532272712,
 0.015580256028693507,
 -0.00444953985901253,
 0.02224401411305707,
 0.007799880036968909,
 0.00379210534474206,
 0.01678669496193913,
 0.0072824726705586484,
 -0.0027539647733907657,
 0.006671926749465817,
 0.030447728064482038,
 0.009567329834371974,
 0.008484361585679945,
 0.00629552279067197,
 0.03216680433427277,
 0.0032658493470505146,
 0.011570005334185007,
 0.02066065257984201,
 0.0058954415078535105,
 0.013590296736683327,
 0.020552539241357616,
 0.03762411305610036,
 0.011358207656059216,
 0.0323157555660486,
 0.009389008723481362,
 0.014380016673949114,
 0.022375016069336562,
 0.00925741017032189,
 0.012882195739373492,
 0.003667782797714514,
 -0.010322582808063786,
 0.0054153779496027565,
 0.017931647303165765,
 0.020850271527067588,
 0.009705368327081298,
 0.001431111206501856,
 0.032104273742750294,
 0.008762304806738397,
 0.0018734018612525244,
 -0.0014551934128003152,
 0.013561039002157882,
 0.01871322961977262,
 0.01862261833218859,
 0.006866174808264652,
 0.015618910435267863,
 0.0016367828406401719,
 0.03377847347422542,
 0.015381962807158145,
 0.017426674941811715,
 0.024851399183069556,
 0.011296150746952782,
 0.025976647993933163,
 0.013837967245027616,
 0.017023171208137455,
 0.015523361008566106,
 0.006363087547218427,
 0.00883175402071884,
 0.008387412836729169,
 0.0015952996222527438,
 0.02287899473569721,
 0.004526589865212927,
 0.0032310586049598133,
 0.017242759019816922,
 -0.015206851557730466,
 0.014733019497863264,
 0.017626199419070565,
 0.012026776940675,
 0.008194440211481219,
 -0.003520343084649727,
 0.024200746708379794,
 0.022802940831689156,
 0.018255115446619348,
 0.031922836596253334,
 0.011012987804296395,
 0.021756710319845274,
 -0.03385255581549523,
 0.009300883598853948,
 0.016587088469955824,
 0.0073627492678762785,
 0.004312137872977684,
 0.014723865388412194,
 0.0068259701832456,
 -0.0025872684986454897,
 0.017749035005037217,
 0.02021782315991305,
 0.00048260471960290263,
 0.012405365310687588,
 0.017645686312385556,
 -0.0063595362204421635,
 -0.013934934108859903,
 0.011458833121088974,
 0.00917036293784343,
 0.018049952364258992,
 0.016227842166514045,
 0.004378469426402798,
 -0.005692301124221519,
 -0.017499429563492055,
 1.0629149496330093e-05,
 -0.007289816146310274,
 0.010529874644669479,
 0.027929394531250026,
 0.013315728677789185,
 0.03009557625534176,
 0.02217350155076553,
 -0.007048757476247697,
 0.013194486118265458,
 0.005239064944387223,
 0.02122927842656689,
 0.0022810912340697487,
 0.007819991987179531,
 0.02214652879672807,
 0.01678625770016373,
 0.017547946774362777,
 0.028675350560897317,
 0.02633120721203741,
 0.01336693715822096,
 0.01476088402157727,
 0.010328712308741661,
 0.00864649209474383,
 -0.016690123483287467,
 0.020319897013793498,
 0.03844584483983901,
 0.0075722587091727744,
 -0.010153836435916525,
 0.02283084089304792,
 0.01635198657137127,
 0.001175429211796808,
 0.01580195783491678,
 0.0203722983559409,
 0.004386370454632166,
 0.027561516163957578,
 0.003437313451522442,
 0.02302626030703345,
 0.009119982030773077,
 0.0016892745058760747,
 0.010184098247672413,
 0.023798358146844476,
 0.012201586428106703,
 -0.007415436353740534,
 0.027290069527911243,
 0.018036394242692988,
 0.007987437996031771,
 0.0139966039114965,
 0.012114636155944714,
 0.01331859063787777,
 -0.00431407662975046,
 0.013243693302140591,
 -0.0006648489964895532,
 0.035323710821824617,
 0.019055219482123742,
 0.03653449787517182,
 0.02136291274372329,
 0.014970620731265316,
 0.005164770445204747,
 0.022392140877785408,
 0.03802175051779633,
 0.01824221248044494,
 0.01404174250228929,
 -0.0144729251325931,
 0.008073348965487614,
 0.0332856179410867,
 0.025143862262954064,
 -0.0179065252656479,
 0.008141830202132994,
 -0.0023447213160103786,
 0.005279860613561227,
 0.013158319680536379,
 0.025272731310573116,
 0.012711194041418655,
 0.016026283839858046,
 0.011304103768410415,
 0.0077975993732829485,
 0.012996528016254616,
 0.022630768098004406,
 0.004994639519763561,
 0.028262271300747877,
 0.02613328981131735,
 0.0004612032823946288,
 0.021829891695760884,
 0.014792987741034103,
 -8.33716684790764e-05,
 0.006671149911286589,
 0.0002761481465582971,
 0.002175184581043932,
 0.0024847411811278475,
 0.014237741159664918,
 -0.005962047669127749,
 0.008233639000972903,
 -0.0037768442007211633,
 0.021776219808836927,
 0.006479062489267218,
 -0.004148522278502764,
 0.018224003524687116,
 -0.0018314321962760172,
 -0.0012993414493718825,
 -0.002245054549882164,
 0.00014080785208714364,
 0.004316079298305853,
 0.004872894011370574,
 0.01949732113129088,
 0.008051479867788466,
 0.0042944381844284285,
 0.010921773289644332,
 0.022703088930383752,
 0.0033460230806951347,
 0.0002586825229891343,
 0.0007729276962187559,
 0.010883358850351021,
 -0.0056422460460545665,
 -0.0014785824581234897,
 0.008150618012629734,
 0.008509248189961072,
 0.019328765489068256,
 0.004864581365899623,
 -0.010835798706501837,
 0.018278546090411463,
 0.017508294103899535,
 0.007743323961195059,
 0.02270819364554717,
 0.03026616485815581,
 -0.004917822098670865,
 0.005529713255494451,
 0.01824781811612866,
 0.01917263851708465,
 0.019932684318719585,
 0.021499911048153242,
 0.02500492305546015,
 0.024839271902237392,
 0.015015399939848822,
 0.00834203249007931,
 0.007466084005835261,
 0.01944765982715202,
 0.013711498337816708,
 -0.0002467273409832993,
 -0.010105965975222096,
 0.004952220636351479,
 -0.013695201919885491,
 0.021973488307724165,
 0.007897832424736725,
 0.01758912432669768,
 0.011754797656869875,
 0.01490829213646594,
 0.0023004437939327937,
 0.015192063154937263,
 0.019661266018057733,
 0.002976554987980662,
 0.02742590752346613,
 0.020548709647182972,
 0.015249808151798605,
 -0.013144108669108687,
 0.014329464524191107,
 0.01689506156791884,
 -0.008100733185093953,
 0.008473145246680414,
 0.0006672615470467158,
 0.01840970016311816,
 0.018603518099499006,
 0.010393842683401489,
 0.004535907571161513,
 0.011627923844818366,
 0.006080746873569104,
 0.008997746453849986,
 0.016349467660161043,
 0.008724210105215957,
 0.047199975380226133,
 0.01120861817896912,
 0.021210586402529763,
 0.005380865456901057,
 0.026405336045304484,
 0.022801373089800903,
 0.00013179629073178933,
 0.02582368707127114,
 0.015398539699787828,
 0.017653596442731873,
 0.004783404722131068,
 0.017593008873721727,
 -0.007105269562251965,
 0.018461839598118895,
 0.008889011030421945,
 0.017317749038344127,
 -0.030595934088172738,
 0.017356114981797177,
 0.02430099930403984,
 0.02829614314457657,
 0.01880409561773988,
 0.01821217504760564,
 0.02100533496451462,
 0.022292168123759948,
 0.03075170153197504,
 -0.0013058529957455656,
 0.016089029162834667,
 0.01389563305714736,
 0.020865595190399877,
 0.012206252349283353,
 0.006726834840506679,
 0.006729453911973382,
 0.002236570119333793,
 0.00833512483068144,
 0.013331571347489302,
 0.02495100076789536,
 -0.012176927438222976,
 0.009988525450244201,
 0.030541660525889025,
 0.0009624659652047729,
 0.008408309724129981,
 0.01732460489108867,
 0.0281964959365746,
 0.002245288831177472,
 -0.00553628436450701,
 0.007291194146683055,
 0.004728625562805261,
 0.0133465341570322,
 0.016451901256295864,
 0.014749080850789825,
 0.016612789897986313,
 0.01239865573291915,
 0.0014735681773949683,
 0.01482565354200377,
 0.014562770942728065,
 0.001957832114716923,
 0.016673176546760482,
 0.021261252468234904,
 0.02428272014985884,
 -0.006069861898084547,
 0.004622506360952905,
 0.012775924514938183,
 0.00389818221058455,
 0.020637970157013186,
 0.013792945260035161,
 0.00928242724072803,
 -0.006220130542200941,
 0.013212914711156931,
 0.014450553339703076,
 0.01323396201779986,
 0.012175453900621303,
 -0.0134038978029907,
 0.01137250481723151,
 0.014279376386911943,
 -0.011372194991471032,
 0.0033720019888965336,
 0.009139882680129274,
 -0.01386013431013422,
 0.01122457032442381,
 0.007639652044021283,
 0.012407645804715983,
 -0.006801104505303732,
 0.0006816473619696284,
 0.0053779029184790605,
 0.029874738448442573,
 0.02218191201159958,
 0.01418386511011338,
 0.015076274598882,
 0.0037925602392399616,
 0.008748982359870983,
 -0.00837777239284404,
 0.01706127536152724,
 0.010467372498378369,
 0.00284376073145598,
 0.007518375569552149,
 0.005152837873931615,
 0.014135565833905628,
 0.011051473066241657,
 0.024215235030811133,
 0.03732199149591736,
 0.01703157796522054,
 0.0069210722870879145,
 0.0021346067398312907,
 0.015210927662831941,
 -0.006749634951636829,
 0.006373792802272904,
 0.005104783552297709,
 0.010922079255380024,
 0.019041896916017875,
 -0.0006926138369010015,
 0.0037209900125915185,
 0.014382809340182323,
 0.007309907351181866,
 0.00829681883871336,
 0.012426646384214812,
 0.004755125373409108,
 0.009543770985958468,
 0.016669308870383093,
 0.01793522832052713,
 0.009280749496813949,
 0.0024488578607259615,
 0.0144320608294356,
 0.026359407671321777,
 0.022042558450663913,
 0.018387340624379883,
 0.011557080078125004,
 -0.003019037245306777,
 0.019109124480120476,
 0.023752800790789008,
 -0.004378806137138987,
 0.011471377917881442,
 -0.014141273716517855,
 0.008252930104834355,
 0.008299603000929245,
 -0.014097476319253663,
 0.0214291890238667,
 0.01999369494687042,
 0.002246233616643778,
 0.02705597742101662,
 0.013098756343482842,
 0.022713922096783468,
 0.020494470974988577,
 0.013218297405198642,
 0.011904285368494194,
 -0.0018300124842605126,
 0.01580816270318225,
 -0.02385185892666361,
 0.003483166547124994,
 0.02355892254988945,
 0.005151536207932683,
 0.016587112892532813,
 -0.0014845201308539002,
 0.028548942415006884,
 0.002630141023256316,
 0.006200817753331367,
 0.023371590079842075,
 0.010397995185153386,
 0.029739550518893543,
 0.0011748622866804004,
 0.0013034086610562712,
 0.01416105900393011,
 0.026378794865124483,
 0.008630916907528152,
 0.01651804524143391,
 -0.006055112756059966,
 0.01661155926863933,
 0.011746368654132311,
 0.015445093697535106,
 -0.008634468005952411,
 0.009052134174845905,
 0.014464775605254054,
 0.018719682742387778,
 0.014645547881494969,
 0.021440174696180536,
 0.025453044335222108,
 -0.0031294639279990932,
 0.03445802623483285,
 0.015527174133375288,
 0.013035079421279683,
 0.01640947406343496,
 0.01658860450530364,
 0.015064535697592252,
 0.014965988041790062,
 0.008974423005380039,
 0.007951665402739616,
 0.0022294516464438363,
 0.004631824788709549,
 0.021220993982972503,
 0.006293855347126814,
 0.020150973581540055,
 0.010895875066773475,
 0.01733480771615542,
 0.004958937031574351,
 -0.0017311686197916953,
 0.01892747425447816,
 0.004690886787908299,
 0.02599287157070361,
 0.011495068180517404,
 0.0007726456377823432,
 -0.0011588269206921908,
 -0.0016577549078526377,
 0.0030892694382441133,
 -0.005653098648313509,
 0.011850775049603246,
 0.010153077185401371,
 0.006433622367216174,
 0.015565234851953658,
 0.017473201050251824,
 0.018962268439026264,
 0.03408820666638046,
 0.0006363502881629457,
 0.001580413423382221,
 0.014718653345474897,
 0.0065926081730769415,
 -0.005239781507554941,
 0.008653164050576256,
 0.006553798946185463,
 0.003042779734056422,
 -0.0016055997195647403,
 0.025202139315762373,
 0.0059478516221191935,
 0.013216472725408324,
 -0.008589958159245292,
 0.006090583683894202,
 0.014638433338579726,
 0.02715122618809146,
 -0.006591754962702229,
 0.01997350582360348,
 0.015474758661477406,
 0.02064773053552351,
 0.01659630527892253,
 0.016364984093597372,
 0.0008412668552135738,
 -0.005228377964266631,
 -0.01466173884167049,
 -0.0055266479984106,
 0.009731059576274403,
 0.009630176532543638,
 0.004992338873149371,
 0.005217911992521307,
 0.02640975393963671,
 -0.008366947622668375,
 0.011257908486912382,
 0.0019243350670596904,
 0.022525259297676348,
 0.017766892658978517,
 0.0001772891388125697,
 0.02949145805908493,
 0.02911039073231464,
 0.020850001419110253,
 0.009472589059161318,
 0.014655141619448253,
 0.031802747251175045,
 -0.0023566274117718944,
 -3.8333118704186875e-05,
 0.02022453711652933,
 0.013768977924202619,
 0.003656328876201931,
 0.03506709386257478,
 0.022064454913576004,
 0.024415223524305557,
 0.019356733630952385,
 0.0052879207326961,
 0.02557103818490536,
 0.00814639655591809,
 0.018943668836434613,
 0.01056087788079979,
 0.03382571656719374,
 0.015484629754138557,
 -0.008631134577228333,
 -0.007877123099339745,
 0.03969220329908807,
 0.022226781985075272,
 0.02723827457264949,
 0.005665994042849509,
 0.024278101185183643,
 0.02170558554401328,
 0.013840249031188967,
 0.0077039832635624195,
 -0.004601519216460737,
 0.02779578748616829,
 0.023721170420291593,
 0.01679206090701895,
 0.016344305412469493,
 0.02082990439465049,
 0.009395007188568505,
 0.01651726864173164,
 -0.0034268560053228037,
 0.005496800920060441,
 -0.00426141081683074,
 0.006974781457023127,
 0.006902249909378794,
 0.010889320174183315,
 0.009729986848004302,
 -0.0023730853890033543,
 0.00522611440209092,
 -0.017420623533367707,
 0.01086404318337919,
 0.01473755392618914,
 0.027586097149901956,
 0.002376830309447492,
 0.009271451763297467,
 0.016311443418762894,
 0.009700376189428983,
 0.004919949836404924,
 0.026484952411954366,
 -0.0031551394731570565,
 0.027153035630818945,
 -0.0072038027145789885,
 0.03326264660361322,
 0.0017575245339116474,
 0.005814268402162967,
 0.009746277734851982,
 0.011063389697325232,
 0.011150905198317296,
 0.018605715335012207,
 0.018236539176968866,
 0.009186508771176771,
 -0.0014213383616742403,
 0.02191792432827183,
 0.010298307436757775,
 0.0065057713174412335,
 -0.01230366073813341,
 0.025293125011923934,
 0.008084374701903985,
 0.014490713951846756,
 -0.003985397171188176,
 0.014355160377529486,
 0.0032748767074940455,
 -0.004336309464190322,
 -0.005774726407490216,
 0.016809801336900965,
 0.0014389017589335196,
 0.00445530402214972,
 0.00973270486227712,
 0.0003236464056776134,
 0.027705326200492264,
 0.0176068850637211,
 0.009534006434104125,
 0.004328375938043794,
 -0.003908266977163399,
 -0.007963832489125452,
 0.019583946636046262,
 -0.01996794186174064,
 0.002874283051196802,
 0.002664093833715575,
 -0.00565144510979472,
 -0.006687163986187433,
 -0.004450174088064723,
 0.010109212189894634,
 0.03190300963684761,
 0.021796016885503866,
 0.009670492132650366,
 0.02754725410516394,
 0.009740025350083892,
 0.029019400936326545,
 0.015646128643416524,
 0.004203392570970688,
 0.00109279517135219,
 -0.01758568361044542,
 -0.00606562830330698,
 0.01601281013907968,
 0.012864596509176651,
 0.005081694699614725,
 0.017634912168994155,
 -0.007063524084805067,
 0.01935949681689994,
 0.008600477669032325,
 0.02587981436965814,
 -0.007562909166571263,
 0.019389009677388658,
 -0.0008170520451771246,
 0.0293261402172047,
 0.028353320312499986,
 0.0371267426096038,
 0.006390434695512821,
 -0.000588960592381893,
 0.0196283557859242,
 0.016166128305288407,
 0.00977563405019466,
 0.015457323264842782,
 0.013489054630265562,
 0.018186116943806563,
 0.03373615947149941,
 -0.004275638163919404,
 0.007532359453697346,
 0.0020923636747367524,
 0.010965216370001585,
 0.026831440542963977,
 0.011471037450676902,
 -0.009861220512343562,
 0.0029873968402258644,
 0.015039964001926892,
 0.009405328048687434,
 -0.0020783334883432425,
 0.021256848934485595,
 0.018975584804735268,
 0.0066679581961128775,
 0.008933837980064752,
 0.004448858232696112,
 0.002481612127022359,
 -0.0015903719164949703,
 0.019167917871224894,
 0.026711305767799676,
 0.008250312225751566,
 0.011809797223176155,
 0.007964966699803067,
 0.0077918578058225885,
 -0.012497370495173243,
 0.007649394475201111,
 -0.006026991625818545,
 0.009066721575950093,
 0.012920211445455604,
 0.016359215816735273,
 0.013990661248473812,
 0.00257984334573258,
 0.01666381859788102,
 0.01206259461567083,
 -0.008850520475618129,
 0.02411303007430937,
 0.022280818118513457,
 0.008796915218061252,
 0.0040715120383088554,
 0.0008501329849397998,
 0.0218248677544286,
 -0.009490056777527414,
 0.0005662183302808307,
 0.011508622009500924,
 0.004683350205566983,
 0.02074755000858508,
 0.0011092812786172232,
 0.035702089943922516,
 0.014018286878052483,
 0.02295887735853555,
 0.015739037194521632,
 0.004262985956101195,
 0.010823857517265667,
 0.005631210532089481,
 0.00357982196963913,
 0.0011089727492559626,
 0.028625339662247062,
 0.004651706283295476,
 -0.011982839567116932,
 0.0064556886405353064,
 0.011828238455338091,
 -0.0026701906383546636,
 0.008725623830128426,
 0.020009771110636204,
 0.00818845277153421,
 0.02100379297351951,
 0.011625058665293064,
 0.015618959561488954,
 0.016495439131181344,
 0.009388773597775985,
 0.011086375999217746,
 0.0027144639756944144,
 0.001088090230082439,
 0.01164748174460084,
 0.019636387386484988,
 -0.0017056721240001904,
 0.01219225159064019,
 -0.0008777136871375157,
 0.03850150741185898,
 0.01077712268200548,
 -0.0032433498955471984,
 0.011074149710966097,
 0.00827089038890797,
 -0.004529524620344935,
 0.0070826688177275665,
 0.020521284412202356,
 0.006195473471840629,
 0.028542479723419056,
 0.006800592651441617,
 0.0028831485734317486,
 0.023004426043845005,
 0.021458540092719802,
 0.010204297351953717