0.09093334960937471,
 0.09431909179687503,
 0.08845507812499975,
 0.10083691406250006,
 0.08356665039062494,
 0.09976684570312488,
 0.09559082031249999,
 0.09915405273437483,
 0.09670898437499997,
 0.09677929687499998,
 0.1011162109374999,
 0.09597436523437486,
 0.10025341796874976,
 0.10032080078125016,
 0.08839794921874988,
 0.09149633789062483,
 0.10054223632812498,
 0.08723779296875,
 0.0831528320312499,
 0.10517089843749994,
 0.09169555664062479,
 0.1068393554687499,
 0.08653173828125005,
 0.09440209960937507,
 0.09816235351562497,
 0.08597607421874986,
 0.095503662109375,
 0.09249194335937494,
 0.10555737304687507,
 0.10076245117187488,
 0.09397412109375003,
 0.09979125976562508,
 0.09331347656249989,
 0.09485375976562505,
 0.08411645507812493,
 0.09500439453124998,
 0.09611108398437507,
 0.08611279296874996,
 0.09713354492187487,
 0.09087915039062522,
 0.09583764648437498,
 0.09852807617187476,
 0.0799409179687498,
 0.09395727539062504,
 0.09468212890624983,
 0.10193530273437479,
 0.09885424804687504,
 0.09945874023437506,
 0.09559448242187496,
 0.09770654296874981,
 0.08734545898437518,
 0.09675781250000004,
 0.0954829101562501,
 0.10057763671874986,
 0.09157153320312483,
 0.09825830078124997,
 0.09731347656249989,
 0.100865478515625,
 0.09699414062499989,
 0.09618310546874997,
 0.09174633789062503,
 0.09918823242187491,
 0.07701782226562504,
 0.09924072265624984,
 0.08846362304687472,
 0.10382910156249991,
 0.08503198242187482,
 0.08577832031249999,
 0.08948413085937479,
 0.10063793945312483,
 0.09065698242187503,
 0.09235864257812498,
 0.09954101562499984,
 0.09006103515624986,
 0.08551147460937492,
 0.08722534179687491,
 0.09793481445312491,
 0.10061279296874992,
 0.10328027343750001,
 0.08952905273437484,
 0.08907031250000008,
 0.0980654296875001,
 0.09452807617187475,
 0.09131250000000002,
 0.09431152343750004,
 0.08656274414062515,
 0.09372021484374993,
 0.10066430664062498,
 0.09419384765624994,
 0.08371215820312505,
 0.0846408691406253,
 0.0903762207031249,
 0.08234423828124993,
 0.0865283203124999,
 0.10121142578124998,
 0.10264721679687494,
 0.09219262695312502,
 0.0987543945312499,
 0.08953955078124998,
 0.09898925781250001,
 0.0943124999999998,
 0.09177221679687508,
 0.08292993164062501,
 0.09328784179687499,
 0.10677783203125002,
 0.09059057617187494,
 0.09586230468750001,
 0.08603979492187486,
 0.09711010742187498,
 0.09452758789062488,
 0.09948559570312487,
 0.10827783203125008,
 0.09006689453124994,
 0.09110058593750003,
 0.096447509765625,
 0.09174853515624992,
 0.10383203125000007,
 0.08255078124999993,
 0.104339599609375,
 0.1069157714843747,
 0.09105346679687487,
 0.09968920898437506,
 0.08858007812500013,
 0.08714868164062495,
 0.08450585937499999,
 0.09492651367187488,
 0.09530786132812508,
 0.08879077148437498,
 0.10794409179687492,
 0.09831567382812478,
 0.10078417968749975,
 0.10035009765625003,
 0.09565600585937495,
 0.099954345703125,
 0.09075854492187518,
 0.0944851074218751,
 0.09108325195312506,
 0.08688476562500003,
 0.10493798828125,
 0.10206884765625002,
 0.09062158203125037,
 0.09982592773437493,
 0.10273754882812502,
 0.08625317382812492,
 0.0900541992187498,
 0.10118457031249983,
 0.10103564453124991,
 0.09436450195312474,
 0.10161914062500021,
 0.09821484374999967,
 0.10164599609374969,
 0.09955029296875006,
 0.0973996582031249,
 0.09609960937499995,
 0.09196630859374988,
 0.10562890624999999,
 0.09840844726562503,
 0.08282128906249997,
 0.09409838867187481,
 0.10149853515624985,
 0.09921582031249998,
 0.10246923828124999,
 0.09316748046875012,
 0.10539062499999985,
 0.08688012695312519,
 0.09785473632812491,
 0.09880712890624987,
 0.09046533203125007,
 0.1027956542968751,
 0.08293457031249984,
 0.09152026367187494,
 0.09109790039062471,
 0.0827507324218748,
 0.0927092285156248,
 0.09166113281249988,
 0.0906318359374998,
 0.09555200195312485,
 0.091752197265625,
 0.09752880859375002,
 0.09256005859375005,
 0.0868251953125001,
 0.09881665039062504,
 0.0965244140624999,
 0.10408886718749999,
 0.08681469726562496,
 0.09445996093749998,
 0.0922961425781248,
 0.0816633300781251,
 0.09230029296874986,
 0.0961560058593749,
 0.09714794921875003,
 0.09505346679687499,
 0.09666357421874994,
 0.09429272460937499,
 0.09408203124999992,
 0.08698876953125012,
 0.10031054687500007,
 0.08578198242187485,
 0.09447753906250012,
 0.09198242187499994,
 0.10361328125000002,
 0.10153979492187482,
 0.095639892578125,
 0.09781347656250006,
 0.09354931640624997,
 0.08107568359374984,
 0.09271215820312517,
 0.09240771484374988,
 0.09977880859374999,
 0.10040600585937476,
 0.10555664062500003,
 0.09397924804687507,
 0.09482495117187506,
 0.09838549804687469,
 0.09792333984375023,
 0.09258154296874987,
 0.09950195312499988,
 0.09624731445312507,
 0.10276562499999997,
 0.08875439453124989,
 0.09530615234374995,
 0.10113183593749975,
 0.09228344726562487,
 0.09858862304687488,
 0.09715991210937491,
 0.09844580078124987,
 0.09244702148437489,
 0.10321582031249998,
 0.09598388671875002,
 0.09697875976562476,
 0.09812890624999981,
 0.08844335937499992,
 0.09809399414062492,
 0.08980273437499986,
 0.10181909179687465,
 0.09376660156249994,
 0.09875756835937477,
 0.09118896484374994,
 0.0946262207031251,
 0.09087182617187484,
 0.09173339843749995,
 0.09691357421875002,
 0.08903515625000002,
 0.09449755859374975,
 0.09882983398437517,
 0.10319921874999971,
 0.10214990234374999,
 0.08839184570312497,
 0.09266455078124991,
 0.0989123535156251,
 0.08376367187500011,
 0.10437353515624981,
 0.09771606445312497,
 0.08458642578124997,
 0.08837231445312488,
 0.09877441406249987,
 0.10077514648437513,
 0.09089453124999991,
 0.09250683593749964,
 0.10154443359374998,
 0.09023364257812494,
 0.08319873046874982,
 0.10058007812499992,
 0.0887048339843749,
 0.09158715820312469,
 0.08517871093749974,
 0.09503637695312506,
 0.09355664062499991,
 0.09638208007812499,
 0.09175903320312484,
 0.10167407226562497,
 0.09125097656250003,
 0.09810546875000015,
 0.09382104492187504,
 0.09136889648437507,
 0.09229248046874983,
 0.08699462890624976,
 0.08591723632812487,
 0.09544653320312502,
 0.09758544921875001,
 0.10160351562500003,
 0.09618554687500003,
 0.09553588867187501,
 0.09938867187499989,
 0.0816394042968751,
 0.09627758789062502,
 0.08542602539062494,
 0.0951962890625,
 0.09958032226562485,
 0.09616357421874988,
 0.10297851562499982,
 0.09833471679687489,
 0.09230688476562476,
 0.08812402343750003,
 0.10043676757812503,
 0.08977465820312491,
 0.10602099609375004,
 0.09091503906250009,
 0.09554028320312513,
 0.10043432617187498,
 0.08664721679687493,
 0.09423144531250005,
 0.09067358398437508,
 0.09790014648437495,
 0.08862499999999995,
 0.09616308593750023,
 0.09960253906249994,
 0.09599047851562492,
 0.10066015624999991,
 0.09917602539062498,
 0.09808349609375,
 0.09473779296875018,
 0.08144897460937495,
 0.08942993164062496,
 0.08837231445312499,
 0.09871704101562506,
 0.0938383789062498,
 0.09695678710937494,
 0.08418627929687483,
 0.08898266601562488,
 0.09608618164062477,
 0.10204003906249981,
 0.08310205078124999,
 0.08621191406250017,
 0.101818603515625,
 0.09094848632812491,
 0.08705810546874981,
 0.08874975585937495,
 0.0959760742187501,
 0.09561328125000002,
 0.09607568359375007,
 0.08884814453124967,
 0.09259350585937509,
 0.09276318359375002,
 0.08688647460937515,
 0.09928417968750003,
 0.08984277343750002,
 0.09848339843749976,
 0.09735693359374986,
 0.09026220703124999,
 0.08742041015625002,
 0.09040551757812487,
 0.08804541015625,
 0.0936437988281249,
 0.09156640624999979,
 0.09962597656250005,
 0.09938037109374975,
 0.10048876953124997,
 0.0957685546874999,
 0.09877441406249998,
 0.09691894531250012,
 0.08923388671874988,
 0.08542773437499984,
 0.09524194335937475,
 0.08974804687499993,
 0.09665673828124988,
 0.08458715820312523,
 0.09341040039062498,
 0.08673681640624997,
 0.0957951660156251,
 0.09596264648437502,
 0.08447656249999991,
 0.09569482421874986,
 0.08786352539062481,
 0.09857470703125004,
 0.09444580078125009,
 0.08969628906249993,
 0.09160498046874999,
 0.09385815429687494,
 0.09139257812500001,
 0.09426074218750002,
 0.09801489257812479,
 0.10014111328124997,
 0.08491381835937495,
 0.09888354492187501,
 0.09033447265625005,
 0.0908698730468751,
 0.09465795898437523,
 0.08969555664062501,
 0.10215283203125003,
 0.09941503906249993,
 0.09542016601562497,
 0.10099658203124995,
 0.09359375000000014,
 0.08513110351562503,
 0.09696069335937496,
 0.09265478515625003,
 0.10436914062499991,
 0.09466259765624996,
 0.09427929687499992,
 0.09821313476562499,
 0.09536816406249993,
 0.09265234374999998,
 0.09803027343749993,
 0.09004321289062478,
 0.09390454101562495,
 0.1021418457031249,
 0.09106420898437495,
 0.1061538085937499,
 0.09569726562499992,
 0.10335913085937509,
 0.09526660156250011,
 0.09440795898437493,
 0.09455126953125015,
 0.08693188476562486,
 0.0915800781249998,
 0.08142407226562487,
 0.0984201660156252,
 0.09185595703125005,
 0.09817114257812487,
 0.09135424804687498,
 0.09659887695312475,
 0.10072875976562512,
 0.10062475585937491,
 0.09400976562499974,
 0.1016416015624999,
 0.09348657226562507,
 0.0970771484374997,
 0.08914965820312493,
 0.09496337890625006,
 0.08405541992187504,
 0.09938940429687515,
 0.09088671874999987,
 0.09849316406249986,
 0.09062158203125015,
 0.09137231445312499,
 0.09333325195312503,
 0.09626049804687509,
 0.08792724609374991,
 0.09333374023437502,
 0.08495043945312486,
 0.09515551757812513,
 0.09653759765624992,
 0.0888356933593748,
 0.09413110351562515,
 0.08723095703124994,
 0.09929614257812469,
 0.0915107421875,
 0.10290527343749989,
 0.08847729492187484,
 0.09364257812499988,
 0.08583154296875006,
 0.09884667968750005,
 0.102015380859375,
 0.09911694335937493,
 0.08905371093750003,
 0.09940966796875006,
 0.0871271972656249,
 0.09957617187500001,
 0.09533178710937507,
 0.09192041015624985,
 0.09441113281250002,
 0.09444506835937505,
 0.09079077148437498,
 0.09152514648437493,
 0.10451000976562475,
 0.09773999023437496,
 0.09294653320312507,
 0.08711840820312489,
 0.09028686523437468,
 0.09889965820312496,
 0.0917402343749999,
 0.09487451171874972,
 0.10328637695312504,
 0.09543457031250013,
 0.10092456054687515,
 0.09278393554687492,
 0.09640087890624982,
 0.08713183593749996,
 0.08902001953124972,
 0.08108081054687521,
 0.08237231445312498,
 0.09433642578125001,
 0.09244653320312501,
 0.10534399414062512,
 0.09571874999999996,
 0.10644458007812485,
 0.09882495117187484,
 0.08559252929687511,
 0.08919213867187503,
 0.09095776367187458,
 0.09089575195312505,
 0.08653955078124986,
 0.09590747070312489,
 0.10477294921874991,
 0.08661743164062496,
 0.09093334960937494,
 0.09883935546874989,
 0.09816650390625004,
 0.091808837890625,
 0.09252001953125011,
 0.08734399414062477,
 0.09794433593750007,
 0.10061157226562467,
 0.09268481445312515,
 0.10674902343750015,
 0.09545922851562494,
 0.091052490234375,
 0.09559985351562506,
 0.08963671875000001,
 0.08974511718750011,
 0.0961157226562499,
 0.09583276367187499,
 0.0969990234375,
 0.09509350585937493,
 0.09720458984375013,
 0.0805517578124999,
 0.10184228515625005,
 0.09162597656249982,
 0.09001391601562503,
 0.08826660156249999,
 0.09153295898437508,
 0.08288403320312487,
 0.09690112304687504,
 0.0879980468749999,
 0.1003986816406246,
 0.09656860351562502,
 0.10446801757812496,
 0.09738842773437484,
 0.08273925781249991,
 0.09091918945312494,
 0.10254101562499995,
 0.07962329101562504,
 0.09771972656249983,
 0.08594165039062474,
 0.08943579101562504,
 0.09559008789062484,
 0.09084790039062507,
 0.104086181640625,
 0.09022705078124993,
 0.09440283203125,
 0.09264404296874984,
 0.10470629882812488,
 0.09339770507812473,
 0.08990747070312488,
 0.10361572265624985,
 0.08978198242187507,
 0.09481518554687496,
 0.08735693359374985,
 0.08801562499999993,
 0.10116992187499996,
 0.1016845703125,
 0.08459887695312496,
 0.10107666015624994,
 0.09961621093750017,
 0.08428662109375007,
 0.09758666992187492,
 0.10353417968750012,
 0.0924523925781251,
 0.09899755859374992,
 0.09519091796875001,
 0.09181469726562486,
 0.09142773437500007,
 0.10100048828125008,
 0.08979028320312499,
 0.08679980468750004,
 0.0896574707031248,
 0.08976660156249994,
 0.10273339843749985,
 0.09749414062499995,
 0.08983935546874988,
 0.09136230468750006,
 0.10235253906249997,
 0.09441210937499989,
 0.09009863281249997,
 0.09231152343750004,
 0.10564184570312496,
 0.08920605468749998,
 0.09438061523437513,
 0.09314331054687486,
 0.0920236816406248,
 0.09168261718749993,
 0.09685278320312485,
 0.09252221679687489,
 0.09435961914062485,
 0.085447021484375,
 0.09004150390624976,
 0.09179638671875012,
 0.08443920898437485,
 0.08395971679687497,
 0.07908984375000006,
 0.09257666015624988,
 0.09859277343750006,
 0.08315698242187508,
 0.09050463867187508,
 0.08780810546874984,
 0.09293872070312481,
 0.09911401367187478,
 0.09157275390624997,
 0.09848706054687484,
 0.09696313476562479,
 0.08743115234374998,
 0.09319067382812496,
 0.09474365234375004,
 0.09702563476562498,
 0.09761230468750004,
 0.09442602539062506,
 0.08398510742187515,
 0.08833935546874994,
 0.0901735839843748,
 0.08121435546874989,
 0.09456201171874978,
 0.10027514648437497,
 0.08917675781250001,
 0.09692138671874995,
 0.10287231445312495,
 0.09888793945312502,
 0.0934018554687499,
 0.09999658203125006,
 0.09757421875000005,
 0.10060229492187489,
 0.09770727539062496,
 0.10111450195312488,
 0.10013330078124993,
 0.10173608398437484,
 0.08634082031250001,
 0.08892187499999993,
 0.084014892578125,
 0.09719995117187485,
 0.08639038085937478,
 0.09082690429687523,
 0.09023388671874999,
 0.08801586914062498,
 0.07940405273437501,
 0.10045581054687514,
 0.0920063476562496,
 0.08783959960937482,
 0.08547583007812509,
 0.09078930664062479,
 0.1032038574218751,
 0.09384130859374995,
 0.09350341796874995,
 0.09497412109374981,
 0.08506005859374999,
 0.09796289062499985,
 0.09592553710937501,
 0.09629272460937488,
 0.09223144531250016,
 0.09296948242187497,
 0.0950187988281248,
 0.08325317382812492,
 0.09208789062499989,
 0.0917646484375001,
 0.10554809570312484,
 0.10309399414062481,
 0.09785546874999984,
 0.10150317382812513,
 0.09705517578125011,
 0.08959765624999982,
 0.10272607421874991,
 0.09931665039062498,
 0.08669653320312476,
 0.09670336914062472,
 0.10194799804687482,
 0.08569873046874998,
 0.09469824218749978,
 0.09109692382812495,
 0.10918481445312489,
 0.07518603515624989,
 0.10105541992187494,
 0.094385986328125,
 0.10548315429687483,
 0.09996191406249999,
 0.09207446289062471,
 0.09272949218749993,
 0.0860781249999999,
 0.0966557617187499,
 0.10190820312499982,
 0.08997021484375001,
 0.0965522460937498,
 0.09084033203124986,
 0.09633740234374999,
 0.08896289062500007,
 0.10160961914062483,
 0.09876440429687494,
 0.09935009765625025,
 0.09712744140624996,
 0.09672851562499996,
 0.08754956054687502,
 0.09465478515625003,
 0.10367333984374993,
 0.10846044921874998,
 0.08985107421874994,
 0.08623632812499993,
 0.09593261718750001,
 0.09193505859374995,
 0.10826977539062499,
 0.09036718749999983,
 0.09997753906250018,
 0.09208398437499998,
 0.09891528320312482,
 0.09950122070312506,
 0.10327490234375003,
 0.08699877929687494,
 0.09743432617187475,
 0.07500561523437477,
 0.09578149414062487,
 0.08575805664062497,
 0.09295947265624993,
 0.08455297851562471,
 0.09390283203125005,
 0.09805957031250001,
 0.08863842773437491,
 0.087432861328125,
 0.09861547851562513,
 0.10284497070312482,
 0.0904389648437498,
 0.09912792968749984,
 0.09959521484375,
 0.0897570800781251,
 0.09304833984375005,
 0.09425805664062503,
 0.09056201171875,
 0.08188623046874977,
 0.08467895507812484,
 0.10437988281249999,
 0.09399291992187508,
 0.09427294921875007,
 0.08975830078125002,
 0.09388989257812508,
 0.10171044921874972,
 0.08591577148437501,
 0.08901391601562492,
 0.09042041015625002,
 0.090029052734375,
 0.09479687500000011,
 0.08388598632812516,
 0.09453710937500004,
 0.09083886718749978,
 0.0919348144531249,
 0.09903930664062499,
 0.09793286132812495,
 0.09370239257812485,
 0.09656933593750017,
 0.10820678710937481,
 0.08220654296874996,
 0.0916291503906248,
 0.09486914062499996,
 0.09344140624999975,
 0.0812351074218749,
 0.09391845703125012,
 0.097297119140625,
 0.10436694335937491,
 0.0920356445312498,
 0.09283251953124982,
 0.09085107421875005,
 0.08716381835937492,
 0.09377465820312492,
 0.09266870117187487,
 0.10221069335937494,
 0.09077807617187483,
 0.09413232421874995,
 0.0888046874999997,
 0.09093115234374993,
 0.10044873046875002,
 0.08132080078125004,
 0.09386816406249998,
 0.09088452148437498,
 0.0989348144531248,
 0.09592724609374981,
 0.08797387695312475,
 0.09284252929687486,
 0.10592382812499979,
 0.09174536132812505,
 0.08769140625000005,
 0.09128393554687475,
 0.1095095214843751,
 0.09135278320312512,
 0.09493408203125009,
 0.09521850585937497,
 0.09761718750000004,
 0.07845166015624971,
 0.08779174804687506,
 0.08531616210937487,
 0.09301489257812467,
 0.0958857421874999,
 0.0910769042968751,
 0.08956054687499981,
 0.0904252929687499,
 0.09175463867187494,
 0.09697045898437506,
 0.0887314453125001,
 0.09978637695312487,
 0.09005615234374975,
 0.09653149414062501,
 0.09648901367187479,
 0.09707495117187492,
 0.09221240234375006,
 0.10296630859375011,
 0.08950732421874985,
 0.0900241699218749,
 0.09258740234374996,
 0.09763867187499997,
 0.09698242187499995,
 0.09456982421875004,
 0.09958276367187513,
 0.08354516601562467,
 0.08807690429687498,
 0.08679028320312487,
 0.0925288085937499,
 0.08792968750000019,
 0.09086816406249998,
 0.09415624999999983,
 0.08500268554687496,
 0.10588867187499995,
 0.09890795898437488,
 0.08819360351562489,
 0.09702050781249993,
 0.09242651367187515,
 0.09069458007812492,
 0.09246069335937523,
 0.10282714843750007,
 0.085024169921875,
 0.10147460937499986,
 0.10381103515625001,
 0.10535595703124989,
 0.08864794921874997,
 0.08908251953125013,
 0.08895019531250004,
 0.08938842773437483,
 0.09600537109374985,
 0.10095263671874988,
 0.08541894531249983,
 0.08978857421875008,
 0.09304296874999984,
 0.10355688476562486,
 0.08789721679687512,
 0.09992749023437508,
 0.09836474609374979,
 0.09158789062499995,
 0.09243017578124979,
 0.10356152343750002,
 0.09540185546874991,
 0.0983325195312501,
 0.09252539062499987,
 0.09385278320312496,
 0.08338305664062473,
 0.10421240234375007,
 0.09369995117187502,
 0.09646899414062515,
 0.0910485839843751,
 0.09626806640624996,
 0.09816870117187482,
 0.09625805664062492,
 0.09584106445312501,
 0.09634521484375003,
 0.09459033203124978,
 0.09619653320312516,
 0.09418945312499993,
 0.09072534179687497,
 0.09223168945312499,
 0.09468627929687479,
 0.10619970703125015,
 0.0927885742187502,
 0.09536181640624997,
 0.09303833007812479,
 0.09422900390624989,
 0.08807348632812473,
 0.09978710937500002,
 0.0961733398437501,
 0.09425537109374993,
 0.09683007812500011,
 0.09487573242187519,
 0.08933544921874992,
 0.10381469726562509,
 0.08956616210937496,
 0.09132568359374993,
 0.08844677734375006,
 0.09048803710937492,
 0.09756396484374985,
 0.09774389648437498,
 0.09726733398437493,
 0.09128735351562489,
 0.08946899414062504,
 0.10873510742187487,
 0.09928247070312501,
 0.0982072753906249,
 0.09789111328124989,
 0.09542553710937507,
 0.09785229492187486,
 0.08385546874999994,
 0.08725805664062503,
 0.10300976562499986,
 0.0892829589843751,
 0.09545263671874982,
 0.09590869140625002,
 0.08166210937500007,
 0.09620971679687484,
 0.08854589843750005,
 0.090188720703125,
 0.10133959960937489,
 0.09410180664062495,
 0.08947241210937495,
 0.09252709960937489,
 0.08995556640624991,
 0.08589794921874994,
 0.09679785156249987,
 0.10081225585937503,
 0.08296411132812498,
 0.08997973632812495,
 0.09948730468749978,
 0.0942514648437498,
 0.08972412109374994,
 0.09023413085937482,
 0.09661401367187494,
 0.10648266601562506,
 0.09175024414062483,
 0.08229516601562503,
 0.09235815429687477,
 0.08699389648437506,
 0.09693701171875002,
 0.09309155273437475,
 0.09064453124999983,
 0.08912890624999992,
 0.09086303710937493,
 0.09497705078125018,
 0.08950830078125005,
 0.08365356445312488,
 0.10227539062500002,
 0.09645092773437525,
 0.09528369140625004,
 0.09012768554687511,
 0.08790283203125004,
 0.0941286621093751,
 0.1000703125000002,
 0.09097607421874987,
 0.098527099609375,
 0.09557910156250005,
 0.09794018554687511,
 0.08994262695312472,
 0.08967016601562505,
 0.10515820312500002,
 0.09643164062499987,
 0.09924194335937486,
 0.09328906250000002,
 0.09684423828125,
 0.09283593750000008,
 0.09404614257812471,
 0.08840283203124999,
 0.08320117187499987,
 0.09326635742187483,
 0.09592504882812491,
 0.10894653320312475,
 0.08719702148437491,
 0.1017636718749999,
 0.10293872070312504,
 0.09219995117187496,
 0.09845971679687504,
 0.09274047851562495,
 0.09228881835937508,
 0.09411743164062503,
 0.099912353515625,
 0.09520434570312497,
 0.08814550781249975,
 0.10099023437499999,
 0.09210205078124989,
 0.09563427734375007,
 0.09554199218749981,
 0.09418603515625001,
 0.08530175781249993,
 0.10198217773437512,
 0.09757177734374978,
 0.09489355468750005,
 0.1023576660156249,
 0.08030200195312487,
 0.09172290039062492,
 0.09212841796875015,
 0.09775488281249978,
 0.08023339843749988,
 0.09168969726562493,
 0.09575585937499997,
 0.09914746093750026,
 0.09127563476562495,
 0.08781030273437518,
 0.0909985351562499,
 0.09658935546875003,
 0.09528710937500007,
 0.09612060546875001,
 0.08188256835937513,
 0.09492675781249982,
 0.09171313476562482,
 0.10309326171874966,
 0.09128027343749978,
 0.10438500976562526,
 0.08397607421875009,
 0.0945310058593749,
 0.10147924804687491,
 0.10453198242187489,
 0.0974094238281249,
 0.08695361328124995,
 0.10041406250000007,
 0.08689794921874983,
 0.10547241210937508,
 0.09854223632812498,
 0.09928662109374997,
 0.0929348144531249,
 0.09139672851562486,
 0.08063037109374993,
 0.08118408203124983,
 0.09707373046875001