0.061359576870611665,
 0.06368972615465496,
 0.036218609656402334,
 0.05706405683617599,
 0.04627342974950399,
 0.05589016769470678,
 0.06595354876539794,
 0.054253332355578276,
 0.05699826588920032,
 0.06603816749656599,
 0.06085023366425224,
 0.06766450016454884,
 0.06743602782308833,
 0.0718543443734545,
 0.05843050249446735,
 0.05390474097842257,
 0.05713465489585534,
 0.04405808901385044,
 0.058675121453178214,
 0.07024806321066102,
 0.05851310101107399,
 0.056007311042906904,
 0.05373596915779533,
 0.059396720376610146,
 0.04617061363161534,
 0.05295127628096741,
 0.053030974857390945,
 0.05670009192018255,
 0.06305878059657366,
 0.06518347103870248,
 0.054216529005933545,
 0.0705364822406328,
 0.05651448269612325,
 0.05716186290922609,
 0.05173944047822343,
 0.055475146245898,
 0.051218159012137,
 0.058186698240995316,
 0.06388368311918113,
 0.0633618979056969,
 0.058999262837819755,
 0.05673002196371324,
 0.042487004147111485,
 0.062277771376119784,
 0.059628669860817274,
 0.05516472641104864,
 0.06468024724358701,
 0.0698555071196405,
 0.059650749248467694,
 0.0548922091417694,
 0.049057642644898536,
 0.05378773859603947,
 0.05145845402726801,
 0.06325882238963287,
 0.05580238493401013,
 0.05979357454069345,
 0.0535079041943296,
 0.05524059876755172,
 0.061455254418975036,
 0.05291972262763278,
 0.05425980819310916,
 0.06390942299335411,
 0.050273136065323465,
 0.050486799534016136,
 0.04200857407566372,
 0.052673210007088356,
 0.059254829512934926,
 0.04818618080595605,
 0.050368493637438894,
 0.05606845161716545,
 0.05039871049984179,
 0.060175195968311,
 0.06454796364659643,
 0.06606647087721318,
 0.051942659147492964,
 0.0530551326414912,
 0.06586636821295011,
 0.05401663327991457,
 0.061082710604307255,
 0.05710383498443039,
 0.053027142177484166,
 0.05492937875408321,
 0.05348651169251739,
 0.05572063366015012,
 0.05424428681127913,
 0.056061573159913,
 0.05576150072258468,
 0.06513417825663925,
 0.05845798730349516,
 0.054897107084150853,
 0.058014329197322745,
 0.05937669062166129,
 0.05456074290293045,
 0.05148708731589613,
 0.06206919911143571,
 0.05916911152131488,
 0.05682779005933303,
 0.05920216405963785,
 0.05541325817736942,
 0.0635357207842071,
 0.05781123895956064,
 0.05565601033136103,
 0.04486572796235877,
 0.06722893041661249,
 0.06234608170692146,
 0.06164034675719243,
 0.06699034067603415,
 0.04223056325797181,
 0.05320263993818686,
 0.049682069406288054,
 0.059093937204288904,
 0.06855785330836328,
 0.055012530763507206,
 0.06230261650784119,
 0.057066259586767254,
 0.05637293963677448,
 0.05492237735138139,
 0.0464677347697271,
 0.056983450186965934,
 0.06435357882135206,
 0.0677653626158996,
 0.06007210632249693,
 0.0564310635111418,
 0.0532665564307655,
 0.05836121782947945,
 0.06067518951680584,
 0.04603561519860366,
 0.04662837402403386,
 0.061798933604244155,
 0.054894239294776215,
 0.06141522972470215,
 0.05002454439007198,
 0.05305805825034371,
 0.06651737369076227,
 0.04850123316353794,
 0.06409757033873253,
 0.04428362355960025,
 0.05323279234871037,
 0.06390261489812277,
 0.06649164735004587,
 0.06270899796817786,
 0.06413269212883477,
 0.05840133797409175,
 0.056465180240765855,
 0.056560441170157905,
 0.05511490801949748,
 0.061462730905162744,
 0.05353603738031776,
 0.05989647173572954,
 0.06274842058396723,
 0.05434045472756388,
 0.06460640441372889,
 0.05857579859918749,
 0.04913454429150366,
 0.056868045912628506,
 0.06045974273122723,
 0.05391051611149256,
 0.04449465013068532,
 0.05580564760760054,
 0.060522497305212086,
 0.061827887596344944,
 0.06431181759863414,
 0.0714640511723521,
 0.06118601231930754,
 0.05512461379928513,
 0.05016814275719916,
 0.06105828074919861,
 0.053758313779822764,
 0.061829515608781804,
 0.04384994079813387,
 0.06042544802741279,
 0.05962763283706596,
 0.05421647564674892,
 0.06516119607619575,
 0.053921031404551734,
 0.06306814606126543,
 0.054273100830376064,
 0.06421091514279986,
 0.05245850825606668,
 0.06375894860347997,
 0.05250088623941185,
 0.061487681361607205,
 0.06560891000289049,
 0.06281427438663756,
 0.055415393558264636,
 0.054806652787317,
 0.0600828423192028,
 0.053111862134176846,
 0.0546839115293285,
 0.055581438920541126,
 0.049933687471382715,
 0.05046475296868347,
 0.06058869972652903,
 0.06441997237246277,
 0.0521366323021597,
 0.06143400255885623,
 0.06386764501774267,
 0.05147267067784633,
 0.06278580544347157,
 0.053845704138526296,
 0.05114822817698794,
 0.06430916586608171,
 0.06715794151594945,
 0.057372793553018164,
 0.05556215356531746,
 0.05036454636942933,
 0.047089234069235486,
 0.05826362739907642,
 0.050696039973481266,
 0.05882065642554002,
 0.06228856801759619,
 0.06269781096182458,
 0.060847780377174754,
 0.047966782089438054,
 0.06252768710908874,
 0.05316190410609356,
 0.05449782515119406,
 0.051985157686998074,
 0.06436284549326543,
 0.057180679503872955,
 0.05322962776156093,
 0.06021176753042368,
 0.06300955576541489,
 0.061043128410218195,
 0.06280288789444088,
 0.06238748074299827,
 0.051316562571543045,
 0.0589076760316507,
 0.054192192329155287,
 0.06445922481923438,
 0.06277654896644136,
 0.056733222956767415,
 0.05544273200215577,
 0.04989987742292423,
 0.07013650704618013,
 0.060186374013539545,
 0.057502628186200555,
 0.049614825745001756,
 0.0630753298730351,
 0.056753649589342814,
 0.057886366996718674,
 0.053974788530696705,
 0.05641493698196509,
 0.053748286365326914,
 0.05948084202581283,
 0.055247937175671114,
 0.06395997667696873,
 0.04938059949490592,
 0.07053899494319738,
 0.06305932003109738,
 0.05700514018858738,
 0.060582448644020515,
 0.05385987481897403,
 0.047773804038842904,
 0.05215000596191999,
 0.055350580869867994,
 0.05601474531870054,
 0.050053309521424616,
 0.05312902919980278,
 0.05969401649782502,
 0.05673644380037235,
 0.05058176477925791,
 0.05460690199171547,
 0.0497396043192917,
 0.05730273568662225,
 0.04874267494647899,
 0.06581304885435757,
 0.05812418941735342,
 0.05242011223910659,
 0.05351577007122721,
 0.05402348942832336,
 0.05337571885685066,
 0.06027843913356623,
 0.06768649100465507,
 0.06552302881038241,
 0.046669191062843396,
 0.055517029986072775,
 0.05763082389724383,
 0.052794197443073454,
 0.0638634762107897,
 0.06454231120984066,
 0.06182894810267836,
 0.05853610914367757,
 0.060638532902644204,
 0.05517413033472618,
 0.058202846161000465,
 0.05187344584668807,
 0.06292371067517566,
 0.06447419613367589,
 0.0594776606856684,
 0.05913311482896466,
 0.056097169399610625,
 0.05792719309228067,
 0.04644987410464885,
 0.06774340224120512,
 0.05304426200969159,
 0.06631909468875952,
 0.05424991474454366,
 0.05961402997573573,
 0.05978544230292293,
 0.05700900368801687,
 0.050272194502016365,
 0.06670559586173153,
 0.05903628430488772,
 0.051186436930040546,
 0.056421970760128115,
 0.05303567094255546,
 0.06173000479338353,
 0.06118626951932615,
 0.056226666833600225,
 0.05567292811355329,
 0.05444985374220579,
 0.04517234402189674,
 0.04809804103231863,
 0.05971132042125871,
 0.05165921378968252,
 0.052845016252193844,
 0.05362411269834122,
 0.05115538915836759,
 0.0499267496138589,
 0.06189212073026673,
 0.06334235043927428,
 0.04462177126259159,
 0.051871894414382336,
 0.05517078392484387,
 0.05427315412994127,
 0.055584968747615315,
 0.06033021912440861,
 0.05321557497934548,
 0.059027075854024336,
 0.056698232350332,
 0.049778408023053,
 0.06504703901241982,
 0.05893074735052273,
 0.0470267276892018,
 0.04682627936841821,
 0.05189043708028063,
 0.055524862756600735,
 0.05154229696825596,
 0.06899285344646677,
 0.051023004366510305,
 0.051029628417372574,
 0.05873247834127704,
 0.05149038099052117,
 0.05637255734159363,
 0.05363515036486666,
 0.0622524433140641,
 0.05621434825482674,
 0.04726629961400186,
 0.054253772418364044,
 0.06270438887269725,
 0.04855221168927071,
 0.053694324192517406,
 0.05615820914653891,
 0.041154286083924685,
 0.0673301937266293,
 0.06464896685887922,
 0.05848832757411859,
 0.03543462885855475,
 0.059086461254674205,
 0.06741643278054421,
 0.06219775080605161,
 0.06636674572172607,
 0.05789421526823868,
 0.050374746260683834,
 0.049593993067479136,
 0.05602407512734664,
 0.06286197582799158,
 0.0625479205419146,
 0.04914485033195981,
 0.050438796002174824,
 0.06563743039204661,
 0.06338837085765814,
 0.04928498144650484,
 0.05562938773466142,
 0.0553167767833298,
 0.060894485546302723,
 0.05691255052151711,
 0.0551311256343483,
 0.06353660955602591,
 0.047539347002823584,
 0.06818579000209857,
 0.05999804556337773,
 0.05281420233602252,
 0.05342856744637414,
 0.05520336949834004,
 0.05915847653865236,
 0.06312040538671404,
 0.05358520430298075,
 0.06054857599540209,
 0.06854034127222608,
 0.05223259113390921,
 0.055198228057749654,
 0.061307645089285545,
 0.05539389731904376,
 0.05766048601425111,
 0.059026913239755174,
 0.05405498720571966,
 0.048560243174793793,
 0.05069216418889266,
 0.0650278611254198,
 0.06695018154046495,
 0.06067787555326598,
 0.06316395822601883,
 0.053681895020127435,
 0.059426162991739195,
 0.05007637547456878,
 0.06183250933636697,
 0.052627864046760564,
 0.05997765132545396,
 0.0545636700864236,
 0.05554853676596827,
 0.05727193577727174,
 0.0563482341200372,
 0.052709030168136994,
 0.07013340851314487,
 0.05383478225875726,
 0.05660070875305245,
 0.0592021982195321,
 0.05752147060296475,
 0.04521005632822028,
 0.05024154669421255,
 0.05548094004185211,
 0.05941043461622475,
 0.04879163989764601,
 0.06164678855215966,
 0.05572550139747401,
 0.055339690469036196,
 0.06096444465907336,
 0.05936252939226572,
 0.05674869636656754,
 0.06121490229605464,
 0.059804655182447486,
 0.052224553027975684,
 0.05555783193585939,
 0.04895248033758781,
 0.057757166029696716,
 0.05310012120583418,
 0.06876499118828194,
 0.054554273444654244,
 0.056758413700015,
 0.0519712421421894,
 0.052097905696734115,
 0.056292634226667415,
 0.0654013230692918,
 0.05606528528979715,
 0.055783576341193575,
 0.05164713046827307,
 0.04833170026340605,
 0.055505829923115035,
 0.05353042797046714,
 0.05284834866739163,
 0.06441867774152943,
 0.058232252535795004,
 0.06025714744782107,
 0.05881549544747755,
 0.055442460326925014,
 0.06501453571363824,
 0.05186483850351009,
 0.05246055484706025,
 0.0609260032095742,
 0.054567522619524356,
 0.052225974118112584,
 0.06651371807988027,
 0.050960792327247484,
 0.054618155863858986,
 0.058276571239107566,
 0.05208212247851507,
 0.047644680119143246,
 0.06312580867483208,
 0.050852587652148395,
 0.04081424076140894,
 0.06061438784197559,
 0.05549568229747037,
 0.06593005456061496,
 0.06083510563329897,
 0.06649001199804028,
 0.05116473642829744,
 0.05604971800118275,
 0.0538463462969323,
 0.06672973412221417,
 0.061345211594106885,
 0.05042139339610019,
 0.0572299458896135,
 0.051488139833257174,
 0.048509302324194925,
 0.05724536079155196,
 0.05800559454398635,
 0.047975727282072445,
 0.050090570746527785,
 0.04843065088665677,
 0.05293443151900168,
 0.0592592648520025,
 0.0613382304661263,
 0.05958384480645251,
 0.05899177308693937,
 0.058040642840242906,
 0.05177942398313484,
 0.05165936087024958,
 0.05718612327342809,
 0.05048640485491096,
 0.05377470315600186,
 0.058311433293269044,
 0.0640309523147955,
 0.04730368938252694,
 0.059495397874695044,
 0.047309799099306105,
 0.06348212783310436,
 0.05791748291313703,
 0.05597563357905844,
 0.0510367117149344,
 0.0522977466327077,
 0.043330156762725114,
 0.062255118964152256,
 0.060202104254277744,
 0.055455115863953575,
 0.05765234512124162,
 0.05567621813949941,
 0.05282502396691835,
 0.05311011263919174,
 0.05828714192310913,
 0.07187586859212836,
 0.05609727019835109,
 0.06071677821419019,
 0.04431140621183882,
 0.05163764680635796,
 0.04851238766967314,
 0.05869304226047389,
 0.06524012294671477,
 0.05438220007641714,
 0.0578176451369814,
 0.0550670925266139,
 0.06229200005819524,
 0.05213787243296064,
 0.05844320877690001,
 0.06079862578253792,
 0.05425805756483548,
 0.051758528943929294,
 0.06046129481168516,
 0.05237737451350721,
 0.05760913956484126,
 0.05796006479414695,
 0.06311197731847162,
 0.05954541886171616,
 0.05939123062616414,
 0.05690969658596612,
 0.0623888573431679,
 0.0549102036472644,
 0.05069395711710167,
 0.055434611097012754,
 0.05213474153884312,
 0.06164852804281051,
 0.05683807570559596,
 0.04935822667458423,
 0.05652980936164531,
 0.05777193694434901,
 0.06049149121177222,
 0.048286351018772766,
 0.05231495690724186,
 0.051009480704842014,
 0.05469395962110801,
 0.05210980658339048,
 0.06338221678495115,
 0.05527082236340064,
 0.0510082274406789,
 0.06396543044475655,
 0.06664852430555546,
 0.05540453087912356,
 0.057579031390701196,
 0.059086930787727754,
 0.05745253751240065,
 0.053313634911095864,
 0.057331058443509386,
 0.055469910927578026,
 0.0605422533771347,
 0.05417592427646167,
 0.059999754905467606,
 0.04696253463875544,
 0.04631384852669007,
 0.05221778911926456,
 0.05528903763575754,
 0.05148104520804697,
 0.06653987773294423,
 0.03857863212091761,
 0.04672562794435575,
 0.050476219391502264,
 0.05489947523179928,
 0.051575031478937605,
 0.05731852015780503,
 0.06529745873158954,
 0.05939990776909676,
 0.05450225289713129,
 0.051699014971573476,
 0.056241040068872206,
 0.05988091291304176,
 0.06820058164491782,
 0.06243342673622787,
 0.05574172265195698,
 0.049447662569635176,
 0.055736916328029684,
 0.04299803077584996,
 0.06033047219641019,
 0.0568712603260455,
 0.04995264876182848,
 0.06253878759586762,
 0.0666901585957056,
 0.05798725407079908,
 0.0607564619005867,
 0.06574393249437205,
 0.053433866302642796,
 0.054623285709516134,
 0.0537716959039225,
 0.055084714292562786,
 0.06308619559151785,
 0.06761499524238768,
 0.05277218075266754,
 0.06072752958304739,
 0.054584942393664626,
 0.050787218700151904,
 0.05729236033606111,
 0.06568026079822964,
 0.0483234375596191,
 0.05367248359279597,
 0.04125751281730805,
 0.05645632649143395,
 0.058187427204956066,
 0.04827068965106052,
 0.061745813326661514,
 0.04794581991901303,
 0.0603971842189599,
 0.05977071194375638,
 0.06098380130381642,
 0.04701195555746329,
 0.056941981694520694,
 0.05174784995278148,
 0.055139586373912586,
 0.04845234973649859,
 0.0498020876855354,
 0.05599456815428505,
 0.05702163688091422,
 0.0482933940137551,
 0.06629838843339808,
 0.059966696702512534,
 0.053899760253846685,
 0.06040554119021113,
 0.06408630672170701,
 0.061155958521729836,
 0.06065041000360605,
 0.0608207729987027,
 0.054293967252365904,
 0.05898137937366443,
 0.054838057916475336,
 0.04691349975436854,
 0.0691140655405793,
 0.04967366518572591,
 0.05488776143019303,
 0.058223916182558844,
 0.06780065688434833,
 0.05077773850711509,
 0.0611917960999504,
 0.05856486481603573,
 0.060966699159130666,
 0.06144434309180413,
 0.05883313299753512,
 0.06411264093978941,
 0.056522912488837784,
 0.0707972914997328,
 0.05607251876812391,
 0.058854380238782644,
 0.054174752699557294,
 0.05979960752680458,
 0.06135928753863307,
 0.0554636706884335,
 0.05685722167372553,
 0.05546904252751372,
 0.06438366319099931,
 0.06415346055398241,
 0.057064366796397925,
 0.050517173012534444,
 0.04691341527396209,
 0.07025271711909653,
 0.062325011305180755,
 0.050226473835423224,
 0.05266935096153835,
 0.05697346045339202,
 0.044862077896062225,
 0.06806272169125505,
 0.0635423888340394,
 0.06169675355278459,
 0.048991775760457434,
 0.062017079409115716,
 0.0617947820083562,
 0.05734862377908834,
 0.04626019842380957,
 0.05163618613646137,
 0.0489351036062462,
 0.058381607834439686,
 0.052574314438816216,
 0.061366366841708375,
 0.050687670153197306,
 0.06959534694621783,
 0.0657159867896342,
 0.05167067420968774,
 0.06477830161959819,
 0.05794976758194115,
 0.06612960725639216,
 0.06121640020983743,
 0.06094008645976401,
 0.06337187250165055,
 0.061311379993704396,
 0.0550898018377024,
 0.052550266974778825,
 0.05427269601489981,
 0.055751323486625814,
 0.05497128655849348,
 0.0603210758083923,
 0.05416910801329755,
 0.04714405179239156,
 0.05518226978642016,
 0.05246317441723458,
 0.060896104779551985,
 0.047929730192560305,
 0.04912330323756109,
 0.05854763329660795,
 0.04247463716094013,
 0.05923949521615546,
 0.061316646455277235,
 0.06950447526550474,
 0.05194539678203025,
 0.047792593268277006,
 0.06484515909979782,
 0.05914102206387373,
 0.0572187621339888,
 0.05834131858118563,
 0.061824878197973776,
 0.054226521422370944,
 0.05579220091431991,
 0.05570809495660134,
 0.05413416438138241,
 0.06101928806328205,
 0.05669158081501835,
 0.06226106843378898,
 0.06463477146768137,
 0.05608705714858031,
 0.04865968955090039,
 0.058585674937042365,
 0.0560959409467614,
 0.058868155596573546,
 0.053998800282833326,
 0.07032702729128482,
 0.05770917324862623,
 0.06461981080443002,
 0.05475238040836017,
 0.05659916411425603,
 0.06932871917787953,
 0.04884508743751903,
 0.05312558052341565,
 0.06423293787917839,
 0.05795121694711525,
 0.061671485549641636,
 0.05877822390825305,
 0.054941367969799426,
 0.06139073595133149,
 0.06178864373473747,
 0.054715250829899365,
 0.05201284447973875,
 0.05905416314913414,
 0.04111988157242075,
 0.05292012100312893,
 0.060513466009901595,
 0.06291830786401098,
 0.03994187923705739,
 0.049718973572000724,
 0.05882917161506018,
 0.05060314772961405,
 0.060480149211690204,
 0.05069657896644886,
 0.04739516130570798,
 0.05357729891636143,
 0.05279502446236006,
 0.06288697582799152,
 0.05600088104087808,
 0.06093688906707917,
 0.04974625329097937,
 0.05977642931070659,
 0.06897112122588211,
 0.06212600923382161,
 0.0548708831749849,
 0.05571186404199113,
 0.05836510775816839,
 0.05673146791093586,
 0.05885217019850808,
 0.0467298564011942,
 0.05504733102726278,
 0.04968859820052085,
 0.05552906686412551,
 0.053335477478250626,
 0.05478730041824398,
 0.05613449137667881,
 0.059542151668860566,
 0.047552663547390406,
 0.059318637140853836,
 0.05159921326503358,
 0.0486280779008319,
 0.0620442443027891,
 0.0594815239300146,
 0.06240204481932987,
 0.06013629641563756,
 0.0539580266842814,
 0.053128730611835984,
 0.05485074106665899,
 0.05948002321571666,
 0.046389626974587816,
 0.058762295695826694,
 0.06267215151385086,
 0.06351174528054404,
 0.05210566277456796,
 0.05765380042591994,
 0.05728832241612203,
 0.05237811011723026,
 0.0559909136761676,
 0.05953889598357365,
 0.0651762774606035,
 0.057487204825339644,
 0.05583352295547939,
 0.0635824831292835,
 0.06327651386864241,
 0.06586600403361209,
 0.05286112899687101,
 0.05630597372462609,
 0.04983898590382263,
 0.05395643859259569,
 0.05803236738305095,
 0.06075640244629499,
 0.04712730032999679,
 0.04422118937919706,
 0.05260129438952954,
 0.06078321862599223,
 0.045386990616938405,
 0.06357477601066486,
 0.050110715358860025,
 0.06021056845715034,
 0.06254693765977937,
 0.058093119825053385,
 0.0558536768949367,
 0.060691905739659546,
 0.05860055493930072,
 0.053300230785924496,
 0.04834593188387126,
 0.06265639755752073,
 0.06462933747567545,
 0.06114705981952073,
 0.060198949569311155,
 0.050936193266369,
 0.057886563572084215,
 0.06315965574532134,
 0.05742922062204281,
 0.05760672689855473,
 0.06203831764903933,
 0.06018093860891738,
 0.0433541345319175,
 0.06067042306538317,
 0.05723133954803905,
 0.050273815201135275,
 0.05366564091832671,
 0.05558343814388733,
 0.05823339813940409,
 0.05597843676897929,
 0.049203652724167046,
 0.06969183758796071,
 0.0568521521935097,
 0.05843482894059049,
 0.049126228036286745,
 0.0686732085026518,
 0.06336861997052434,
 0.06058675732362251,
 0.04803424655859789,
 0.04682198962180295,
 0.06602167116195434,
 0.05335102962358795,
 0.042923123366434,
 0.05299267411191233,
 0.061988167794661875,
 0.05930268143315032,
 0.05247413936926626,
 0.05640899729009585,
 0.05064704133756881,
 0.05639027879130398,
 0.060038767766306345,
 0.058481480964781674,
 0.06080132807730454,
 0.061470223250057354,
 0.04666143359828134,
 0.05419089602888438,
 0.05230752108134884,
 0.05453082741910875,
 0.06164787039254249,
 0.061281699196092054,
 0.05522438139117836,
 0.056369584901907244,
 0.05771757580552972,
 0.06357510278350098,
 0.046274505160638135,
 0.045947988148879126,
 0.057087994720123714,
 0.05414711671382699,
 0.055344031079229694,
 0.03462086335327874,
 0.054653834706959614,
 0.05672153427627058,
 0.05566020108363867,
 0.0625568163227832,
 0.060361271963713214,
 0.052684020384996755,
 0.05678894409626856,
 0.0555611739666968,
 0.058070577686202496,
 0.056176318061278874,
 0.06193881925366318,
 0.05350393027653766,
 0.05287682577838826,
 0.05443128862007174,
 0.05513965064341031,
 0.05966804076999388,
 0.06879441809275777,
 0.06048530222158721,
 0.05995368863991901,
 0.061264223412221375,
 0.05277493006667844,
 0.051815642468425294,
 0.052898723408974835,
 0.055880759113072775,
 0.05553576758527923,
 0.06239176658844614,
 0.06043138503748846,
 0.05656671875238506,
 0.05416932060156898,
 0.0641164699549317,
 0.05557929985596011,
 0.049526074039891954,
 0.06046775465745191,
 0.058192058126335544,
 0.062003997288518686,
 0.057813673031753554,
 0.062203855871775904,
 0.059507889090214316,
 0.04983794106900241,
 0.05485431724340595,
 0.0528879874465813,
 0.05731821086357236,
 0.06881249970190395,
 0.05563131134815702,
 0.05945766481117021,
 0.055522613503033336,
 0.06824173230740604,
 0.06328178394955719,
 0.05494674640138508,
 0.059774194398545255,
 0.05461276584201402,
 0.05407994398179938,
 0.05962689541361432,
 0.06430922084169688,
 0.052168712261046135,
 0.05810954640520061,
 0.05716042525183118,
 0.06097971638793709,
 0.053783615919125616,
 0.06220154755164131,
 0.05071336751898259,
 0.053929509775163975,
 0.05698345287647677,
 0.056642721109300576,
 0.04778157468616451,
 0.05443178192250442,
 0.060789335917226905,
 0.057953815509577344,
 0.06232760058951481,
 0.06446741633450759,
 0.04733204192183704,
 0.05001206346821552,
 0.0508205472196408,
 0.05418019354994108,
 0.05412784246460989,
 0.056467924322309404,
 0.05004262277978122,
 0.061966151735634245,
 0.05479264102325643,
 0.060365101066468085,
 0.05480494633855226,
 0.06129987062633524,
 0.06233705965258718,
 0.05601295599947331,
 0.06807698305383836,
 0.048201315962390634,
 0.048732510032751586,
 0.05601005143944593,
 0.052259868348881744,
 0.05625535720247643,
 0.045581291673820745,
 0.05860243144984367