0.0130840569525148,
 0.01802907247074015,
 0.012706413475847,
 0.01745947194081965,
 0.019318390678902064,
 0.017364628047733532,
 0.0166637964791283,
 0.02289398557826261,
 0.019471134052579497,
 0.005602261713980372,
 0.017642129669375617,
 0.01745943056509458,
 0.026871770093169767,
 0.01315643762162333,
 0.009848721823966011,
 0.01747109180021389,
 0.02516066921359883,
 0.01998497196705218,
 0.015122639437385565,
 0.017881422359107724,
 0.01996297595049379,
 0.020988083249002365,
 0.012066232221554118,
 0.02414759448450865,
 0.005818546781028555,
 0.013367553517198871,
 0.026763664661076714,
 0.013111066933283677,
 0.013861462046075745,
 0.021094801861549994,
 0.011030232181013622,
 0.01730496935437409,
 0.009450847129216289,
 0.019199460267379953,
 0.01539356535933667,
 0.02163932100885213,
 0.023301870433169336,
 0.012505215189541508,
 0.023733402790233393,
 0.014371614344856454,
 0.012665887964705025,
 0.019031077462034807,
 0.012256479235825068,
 0.017021027546718637,
 0.019548804423473953,
 0.020487861948164765,
 0.011620822959592436,
 0.015968044943337922,
 0.019536592357295657,
 0.010194703847584696,
 0.02147208249418986,
 0.009451596005990881,
 0.011294580871157311,
 0.01690334952590833,
 0.019196373781383613,
 0.025270664968711776,
 0.018018725734985308,
 0.022290704055059507,
 0.01683409507433864,
 0.014655979984641965,
 0.021961777892246515,
 0.015509509171506508,
 0.021461353066756894,
 0.01042709752270321,
 0.010186868573050178,
 0.01352268975599058,
 0.017572558593750065,
 0.013378458867521204,
 0.01596386492197044,
 0.020430949936565135,
 0.008354119805974891,
 0.01600760990888439,
 0.018711866540195077,
 0.008899435704269543,
 0.0178035958724434,
 0.007593001600179283,
 0.00787101934523804,
 0.023133209265777666,
 0.014664434344952015,
 0.019438830044738342,
 0.015594117239493999,
 0.012368126447377614,
 0.01723317766760135,
 0.007432139220371559,
 0.0113480829446162,
 0.009489909688835452,
 0.019643879790998797,
 0.01965915894001835,
 0.018262693016880327,
 0.011953815449958105,
 0.02634429951016859,
 0.016167273590125264,
 0.021258575208428665,
 0.015423153116415067,
 0.019398515064579458,
 0.013090395287221446,
 0.01736369727277931,
 0.018361684767055797,
 0.0179462470905829,
 0.011741787991739194,
 0.004906685935592181,
 0.01855549110720034,
 0.024043934879139917,
 0.011982358142075045,
 0.01944746284531451,
 0.015987969680059555,
 0.01754138667940608,
 0.01125335363963309,
 0.013574224294585768,
 0.020799210761027087,
 0.008703492075415875,
 0.012420023776655409,
 0.014196830643314895,
 0.019420906427448426,
 0.014851978931341048,
 0.019265774573026917,
 0.015443270959725863,
 0.01696767679477662,
 0.0235078657399459,
 0.008233990170693817,
 0.00831911236549887,
 0.021249252852182154,
 0.014372718611683544,
 0.016174093492651975,
 0.017051725141178364,
 0.02238962250314791,
 0.014583556733881009,
 0.022067778743608768,
 0.009037510314121588,
 0.014764604015771843,
 0.02241787210727675,
 0.010611554379864607,
 0.013049565912602867,
 0.017491285223023567,
 0.01393325445713156,
 0.025510133654323086,
 0.011076710713331828,
 0.018898160505183892,
 0.01652517969226941,
 0.015526475873302026,
 0.00470650334695355,
 0.018229427798763798,
 0.01141764146024804,
 0.009429610749650763,
 0.009792741362370183,
 0.021848595733884757,
 0.02080225867340113,
 0.012779537378853956,
 0.009787036579956387,
 0.010410011196485991,
 0.022631347924569,
 0.013051613712893095,
 0.020340036045400245,
 0.019606040498130195,
 0.024039998104109284,
 0.016013153843769112,
 0.02267891316582693,
 0.01698718149946421,
 0.015156304611187332,
 0.011990628457913655,
 0.017553207334115584,
 0.020085285643637096,
 0.021026225055326808,
 0.008161529697515713,
 0.011329824683779632,
 0.011851906574606552,
 0.012470121420462998,
 0.019040592634746556,
 0.01489978626516697,
 0.01895555013020811,
 0.016892196429865836,
 0.007629744376716818,
 0.026750563153823625,
 0.00725851749704276,
 0.01858190825559003,
 0.016553211655164102,
 0.008884832271128351,
 0.016097327737905065,
 0.013344404618818695,
 0.020908994212167853,
 0.014686290803380908,
 0.011915056232829402,
 0.02226243251106541,
 0.012045630207776714,
 0.026472937831482524,
 0.007510376244848516,
 0.012657624799942369,
 0.024736780753968235,
 0.012587312199519252,
 0.010961169836023466,
 0.019297021305517248,
 0.014255225157938645,
 0.01741524892208468,
 0.01547814854958407,
 0.017488124689979845,
 0.010545344038557003,
 0.018621699182978624,
 0.023174541977761143,
 0.018146308417255508,
 0.017913510068490623,
 0.012811428303450167,
 0.012647349555233944,
 0.014244528984470373,
 0.015096824085202964,
 0.015612898137019382,
 0.018125189387074858,
 0.020850607638888796,
 0.012641086452610084,
 0.017317226073622516,
 0.016082296913156435,
 0.012683565755367443,
 0.015028447957207813,
 0.024970504468271093,
 0.016617130086710397,
 0.01725492854042643,
 0.02090854648408902,
 0.018430846832651726,
 0.013006810539720526,
 0.0282687132745727,
 0.026160189159798675,
 0.0268366205035917,
 0.01443524967328691,
 0.020901022648141643,
 0.012578831070188867,
 0.022468943106589645,
 0.011865366653854181,
 0.014315058379120726,
 0.013234164067269516,
 0.018905141619448118,
 0.01771494468530599,
 0.019968229703239748,
 0.024921053805135873,
 0.010940529013087508,
 0.019611945481818438,
 0.011385020974034488,
 0.01971314752413389,
 0.019832953969787903,
 0.015696059528578887,
 0.014806781803266222,
 0.01740386064131183,
 0.02148839546452397,
 0.014585789704002705,
 0.008793160604586348,
 0.02916453510140049,
 0.01990495989165164,
 0.013704714865212964,
 0.011256345390443956,
 0.017468427937080477,
 0.009877352454403354,
 0.021968535192021577,
 0.022589054212931226,
 0.018294960806337857,
 0.011264805653330878,
 0.01666007880465914,
 0.010218144924736716,
 0.01718353848300147,
 0.018622899895725187,
 0.015235634932558417,
 0.014623795692154884,
 0.021849483876583697,
 0.017942154443079117,
 0.01946647569696225,
 0.013768258922951082,
 0.009426696404723822,
 0.01836946061050826,
 0.011910258437309196,
 0.01880520523313467,
 0.018501490989961678,
 0.018521157900259322,
 0.011553614414014701,
 0.015089156644250368,
 0.020060697294242313,
 0.015088356966384442,
 0.01799723527882713,
 0.02070742133842729,
 0.01574607568538222,
 0.014191332760362663,
 0.002954870352086969,
 0.011868177715296913,
 0.015244057933169186,
 0.025326335350847273,
 0.019377174431471245,
 0.01565038651127515,
 0.02709729996565957,
 0.02440180807148562,
 0.016402966459150736,
 0.01673583376259158,
 0.01616204107286623,
 0.013883107018849206,
 0.018920514741096905,
 0.021424410008394235,
 0.007975568349835926,
 0.01092651432768621,
 0.023733825787927598,
 0.013866242714533517,
 0.012741727359012467,
 0.0207313462850085,
 0.01237087941897519,
 0.014663479603079344,
 0.008121417064923087,
 0.017617764971573635,
 0.0024746201660752476,
 0.013908843852544761,
 0.021927501442784658,
 0.017576186839419305,
 0.014887568337909718,
 0.024034614549946598,
 0.012519751125610323,
 0.02140709283663389,
 0.021821616262812427,
 0.02407819012602408,
 0.01970122726123713,
 0.02963444853137598,
 0.011746741770591873,
 0.015298538727876343,
 0.0155468565776673,
 0.015470913376247397,
 0.025876231673057637,
 0.012292945677369493,
 0.016285231021606617,
 0.020829761010473957,
 0.012279766793536151,
 0.008247154137095647,
 0.022688330417995894,
 0.008224851011618739,
 0.01344116020156072,
 0.014312198326847048,
 0.02291672225842234,
 0.0171698512858669,
 0.014870251910442445,
 0.01736916763249763,
 0.01305120877928534,
 0.022856311228918624,
 0.016568794409802745,
 0.015633942999274897,
 0.016761234403616987,
 0.014679347074366689,
 0.02568356376154224,
 0.024653965392246624,
 0.02062554146157658,
 0.013325178380647396,
 0.01628625544919471,
 0.017869376836271433,
 0.013263790710576151,
 0.02134264281183218,
 0.016087459757039957,
 0.012019966112446712,
 0.012482195977850497,
 0.020755365846619522,
 0.010086206144116261,
 0.014310819099697447,
 0.011070237061113097,
 0.022362032820561373,
 0.009620986018105127,
 0.01865002068786259,
 0.019451575814593003,
 0.006140450017647181,
 0.020737757554945224,
 0.019329567903884293,
 0.017368092877174668,
 0.014855919773798965,
 0.019059203714037576,
 0.022731246959420748,
 0.013263276599702278,
 0.0176923144292771,
 0.025883786319681912,
 0.012836125360099926,
 0.017355208991051585,
 0.019944817839495643,
 0.0152191666785908,
 0.019577728591937404,
 0.0152947828558605,
 0.01712040896386635,
 0.017968427927564923,
 0.019230135538289783,
 0.01626230480673807,
 0.022707036854204832,
 0.02575619061927692,
 0.017334359975961444,
 0.027209602924202603,
 0.01846867261427798,
 0.012143669051089656,
 0.016178341954269815,
 0.016650187090008206,
 0.02386186744028551,
 0.017919573460393634,
 0.02097610319014387,
 0.024236598080738636,
 0.014959465948271022,
 0.018670644757803112,
 0.02106127560048443,
 0.0200778108664339,
 0.01409802117912462,
 0.012475792935363161,
 0.015510910552121837,
 0.018441385738490412,
 0.020705771317441224,
 0.022412155943281276,
 0.013125533865694594,
 0.01951079918345555,
 0.019571650593330325,
 0.02133510421993301,
 0.01868500874601242,
 0.011365543679410894,
 0.013181716281765121,
 0.01504451176406607,
 0.013994073076445623,
 0.021056349564064103,
 0.019230902420062534,
 0.022011881987370252,
 0.009100144880422434,
 0.006661814319577797,
 0.018145404360556228,
 0.021108127289377387,
 0.020039795100732505,
 0.01613484773066398,
 0.020662486526060952,
 0.016691088181566727,
 0.01822447517218051,
 0.01722050558246946,
 0.020544501142303773,
 0.007479055363902809,
 0.005723234120037501,
 0.02362127308455464,
 0.018820742175576166,
 0.020746359711252493,
 0.021787670749389365,
 0.013584137477106184,
 0.014515255778292824,
 0.006478253002422996,
 0.02692746286916181,
 0.007081188161376817,
 0.00896889147636215,
 0.013144835881689687,
 0.017067700752684045,
 0.01979473773377416,
 0.011525104656398444,
 0.025706809883909942,
 0.01881315569196418,
 0.01957157845409796,
 0.014610402334448436,
 0.02198906208266571,
 0.029141039174584105,
 0.016876091448698505,
 0.010978931767017697,
 0.0237286572677049,
 0.009714680691487398,
 0.024749985512534378,
 0.009208638225923327,
 0.006881494796436183,
 0.011334951219570177,
 0.018952044998187922,
 0.013436292651576087,
 0.012556923096090467,
 0.01962689332694212,
 0.024160409929697035,
 0.015490703192957422,
 0.014391689620058434,
 0.02195573377778115,
 0.018535601372218657,
 0.0032848857842839863,
 0.017422424033215034,
 0.02179499389499373,
 0.012488085043212083,
 0.015027904468578157,
 0.014517728007669373,
 0.019519980182577834,
 0.01305788249294082,
 0.020616589042468103,
 0.024658015145661683,
 0.021777573520643134,
 0.025436883014991585,
 0.012190406197535086,
 0.012609637205242663,
 0.008267946571657747,
 0.017572920661153013,
 0.018363284320013884,
 0.023015068506055947,
 0.021497759922561865,
 0.0194248563773467,
 0.015794066637572435,
 0.02134747035733353,
 0.0138550952953298,
 0.010227963372348103,
 0.017355279399419832,
 0.01871406697144029,
 0.02780729995373532,
 0.011007818461920005,
 0.01980366789243737,
 0.011840342643467672,
 0.013078537087912068,
 0.009749023079784758,
 0.016178497415072934,
 0.016219906970200038,
 0.017014115203372926,
 0.018397801881716358,
 0.020719440330719596,
 0.016728878899333166,
 0.02055615580166359,
 0.015873768744276706,
 0.016552712733230335,
 0.014588159093229303,
 0.01056495643028832,
 0.014316890119429049,
 0.015165717052045169,
 0.01528987385769609,
 0.013124857390873101,
 0.018537937664549142,
 0.019377675292372443,
 0.015213752138205638,
 0.02317893313825925,
 0.024741306280242847,
 0.023137426310668507,
 0.01308128553304333,
 0.013595341057596855,
 0.00997905661605869,
 0.006920122493608849,
 0.015437899706112868,
 0.01774876820770399,
 0.02044217647044788,
 0.01684827789940102,
 0.014714331621069832,
 0.00822993670825678,
 0.020443058261272684,
 0.011619019657642449,
 0.02081217429034976,
 0.01628059005411231,
 0.017448730707226856,
 0.014617919921874778,
 0.012760126023065643,
 0.018725959318522056,
 0.0169301330342837,
 0.022661370514251544,
 0.012954571095800782,
 0.019280513941353883,
 0.020266651940723968,
 0.02666236162383573,
 0.012636923840048997,
 0.01758767826140839,
 0.022943173206968703,
 0.017227136811756028,
 0.009890614387782382,
 0.01166104600694462,
 0.029742664930555662,
 0.020579810521355046,
 0.01707937536729931,
 0.021376219272264407,
 0.021184001326808533,
 0.02108666843139484,
 0.019489919227907215,
 0.019646697360788945,
 0.01063552928733591,
 0.006973868844913911,
 0.020869039868551598,
 0.013200347043364369,
 0.02535948762066953,
 0.01647143530839812,
 0.021022514243573598,
 0.00013208878252823908,
 0.024912610772473975,
 0.023403117964934328,
 0.026835750951522463,
 0.020973750083466802,
 0.012122328404017724,
 0.01442410529466187,
 0.02304332694215483,
 0.023129395962110832,
 0.019941304999151255,
 0.019399086951626954,
 0.01777994773780911,
 0.012464795523955408,
 0.02251196921026022,
 0.015083772939499696,
 0.013353992995936315,
 0.02897736596682643,
 0.0032103810143850886,
 0.012708139527395579,
 0.013644292177007245,
 0.016355737033453277,
 0.02389485653235668,
 0.020289979622157173,
 0.02629230793078441,
 0.023502500004769056,
 0.017794128403064047,
 0.009945995855273226,
 0.01688130341880334,
 0.019057709299164394,
 0.01053408864898131,
 0.012876226188091477,
 0.016378547759748896,
 0.011056368224874102,
 0.024482115074595523,
 0.020484585455776916,
 0.020342001488095063,
 0.019167555410084747,
 0.025908113398103616,
 0.018122005498515392,
 0.014062101903802082,
 0.012521305934733773,
 0.014143515512902383,
 0.027394135140033526,
 0.020741349969475076,
 0.019268223741319312,
 0.014382502599397107,
 0.02574038725729655,
 0.017529988094976856,
 0.012204494333791116,
 0.012865390696543022,
 0.012569842462225367,
 0.023142708631429088,
 0.02629456885642134,
 0.022394217712625952,
 0.02503167284118768,
 0.019540678258372468,
 0.014393676370287656,
 0.013998246236138101,
 0.012606046441157925,
 0.012306126525483796,
 0.013364571528731606,
 0.018797445496127052,
 0.023727467340601827,
 0.017745145234908888,
 0.015020365382230505,
 0.01854524334172769,
 0.017076648351648238,
 0.010637541077628931,
 0.012310206497235132,
 0.021552629981780314,
 0.016106673177083586,
 0.018099101836748455,
 0.011649813451522384,
 0.007489714555193094,
 0.014659485712854803,
 0.019049729388450176,
 0.02918404983688183,
 0.016723077161553634,
 0.012243800557081963,
 0.01704243641016112,
 0.010065684023008226,
 0.008641367111178022,
 0.018627748147035383,
 0.01797359596333492,
 0.01997787775917681,
 0.012452170076627578,
 0.021588826527205507,
 0.01620252296531577,
 0.006683431406917739,
 0.010933079295921022,
 0.01771051184107364,
 0.013413791232639083,
 0.01796873112821884,
 0.013221046770070188,
 0.029683143391191935,
 0.013353574767246856,
 0.015198953322721476,
 0.01935557326245796,
 0.0199887973734163,
 0.02073141183223126,
 0.0024403357276403526,
 0.015939949037507617,
 0.01752442658253206,
 0.014171802026098801,
 0.010784579989877807,
 0.013716340456322307,
 0.017786246208219003,
 0.014854334315857809,
 0.025974981830286126,
 0.010467611690609724,
 0.0272876995032183,
 0.023923709840506735,
 0.014279409376430685,
 0.01645155700243839,
 0.013144523260051777,
 0.021515707989926636,
 0.02198732609079279,
 0.01727601495726483,
 0.01902235082083714,
 0.018215782275449843,
 0.01628187707474793,
 0.02123093717805613,
 0.015508532580700507,
 0.024033038675166374,
 0.014616141838846852,
 0.022631097017132396,
 0.009029634915865392,
 0.01082635519661479,
 0.018108794350077506,
 0.02081314275459767,
 0.015076949493747493,
 0.016369200363438585,
 0.017387805190685945,
 0.027610909359737645,
 0.02281186825743764,
 0.01713784579136135,
 0.024169478606246075,
 0.023028226102660865,
 0.02409029220562431,
 0.017133432778159152,
 0.017064862132843972,
 0.015526049596020552,
 0.013417625581883419,
 0.01919315833905655,
 0.021714648163285277,
 0.02219307242778923,
 0.013189074781555066,
 0.012784380306108956,
 0.005004206432672964,
 0.02815057729271575,
 0.005790232013791252,
 0.026120846270291986,
 0.018966326779826348,
 0.019247329866570073,
 0.017793458223634095,
 0.015091615453773688,
 0.021232650512740037,
 0.01747646831997396,
 0.014233178383031841,
 0.02200220048506174,
 0.022993557906936912,
 0.02556922874217804,
 0.02214446572849904,
 0.029676992354433995,
 0.01828427585326997,
 0.021850811655792057,
 0.025280838806376105,
 0.01993358206463669,
 0.019226616157280274,
 0.022092643348404994,
 0.015930876724187026,
 0.021853584783272595,
 0.024338123855311533,
 0.01782284375238463,
 0.014447839042468047,
 0.013466260600293767,
 0.01503654615241512,
 0.023508187445150375,
 0.020690367027720313,
 0.02063559170863849,
 0.016767865370306945,
 0.01765204851572011,
 0.018996371813949864,
 0.018713167258089358,
 0.016047427312270823,
 0.017280489855196812,
 0.016053988047542544,
 0.019661197976285738,
 0.012890283083886844,
 0.017304595078954987,
 0.01077817496088973,
 0.013798740086501393,
 0.00932508267807819,
 0.014948866937099181,
 0.005793810675906563,
 0.017566912595867512,
 0.019624585706177422,
 0.023536440008128157,
 0.01912814395890594,
 0.009967148270566106,
 0.010843773430345927,
 0.0059485401576904184,
 0.019791601860596142,
 0.017444198515243592,
 0.017877685129540355,
 0.021178010590754637,
 0.02318396553533275,
 0.02195643631000066,
 0.018557688015109708,
 0.015861200957245858,
 0.015094506090697513,
 0.009936679818662197,
 0.013281812447535124,
 0.013979518121852053,
 0.0003130988152475478,
 0.02542978360615078,
 0.017323302879845848,
 0.014852166979071324,
 0.022129199457227022,
 0.016873120027758537,
 0.019650756984985307,
 0.011410673208084976,
 0.019752128643925504,
 0.013662037763596757,
 0.012191936503167078,
 0.019578720357333435,
 0.010497681647779533,
 0.01021044754941225,
 -0.0016634962964552358,
 0.007419477056146873,
 0.02846058951985908,
 0.018646051241510087,
 0.008632316229777226,
 0.013607359513316375,
 0.007232985037965323,
 0.015837489626259194,
 0.02394052275307157,
 0.008071346833504967,
 0.019784169194520418,
 0.01215561511513652,
 0.016994449452457427,
 0.014809634403140093,
 0.015192417127539715,
 0.010661834530486747,
 0.009006585536858847,
 0.024065309912526756,
 0.016535134071657298,
 0.006600033148275175,
 0.013955736976781985,
 0.012011838167258038,
 0.02643425435177904,
 0.017527794709630395,
 0.011463325368208155,
 0.019720940349797544,
 0.014859656700721313,
 0.032091118468120516,
 0.018515468857314588,
 0.02865694670561303,
 0.008089403104490911,
 0.020188467381143438,
 0.022262232369410162,
 0.02153264350066575,
 0.019327502337072477,
 0.009919694189274297,
 0.016379335143275497,
 0.017316932866395796,
 0.011945562334953808,
 0.025766258322664104,
 0.02676248235271661,
 0.010340614626259237,
 0.008004965752934634,
 0.011109468852080528,
 0.020693431931566808,
 0.022237727328010326,
 0.022823584532938757,
 0.025050279196714875,
 0.02766069043803432,
 0.016316493274848742,
 0.018109800323374614,
 0.012589691471346143,
 0.018508517076308406,
 0.01860866934714589,
 0.015560195790587539,
 0.02198613633003288,
 0.024546420343978914,
 0.01606560067536633,
 0.015258273177560566,
 0.015657211061507637,
 0.02113017289532837,
 0.02513541440113687,
 0.01681495285453427,
 0.021534333971018782,
 0.018555844589438042,
 0.022442650386331975,
 0.01609127461495463,
 0.006798740544394777,
 0.007467870259081133,
 0.01665011256105009,
 0.02187877217985812,
 0.012056331260969833,
 0.017296115153292435,
 0.02086936789133098,
 0.012131377104539487,
 0.024339564255189572,
 0.02740454727564101,
 0.011481635908545229,
 0.011497825031955955,
 0.02470084057110422,
 0.008299212430364689,
 0.01960904015983611,
 0.01599465570835301,
 0.018874335961347466,
 0.024972915177992272,
 0.020839872546073668,
 0.016907279421375154,
 0.014851301606379597,
 0.015064572184543046,
 0.018321293712797893,
 0.02251416283911367,
 0.01661950217016539,
 0.011752822492177906,
 0.018828515744238494,
 0.015918871721582795,
 0.01801084562681221,
 0.007728101986988589,
 0.022910407544929123,
 0.014245941542181617,
 0.011251317745222034,
 0.012681868370344906,
 0.010898522944746913,
 0.01534178566659028,
 0.009990446082779991,
 0.01312588886265642,
 0.019493785711900857,
 0.009856515952626932,
 0.013159434766912392,
 0.018286368606436953,
 0.022588643140998732,
 0.028768103608630913,
 0.017774704234768235,
 0.020791324132410915,
 0.022015414544223066,
 0.009232005792601639,
 0.009326689608134986,
 0.01986729423514566,
 0.01309607216784947,
 0.01311659356062611,
 0.0071786923363093,
 0.017408712511446822,
 0.014844875789358447,
 0.008588622689159386,
 0.022381168858268463,
 0.00800809056394991,
 0.015405598719856695,
 0.014513408119658289,
 0.011271313267895433,
 0.024743918185763825,
 0.02517317917000539,
 0.02391119648580564,
 0.013670908632382961,
 0.01599720016311834,
 0.02701710761244147,
 0.02195712277664774,
 0.016007316348054523,
 0.016564245624847374,
 0.019150345016311743,
 0.01796938321552588,
 0.011319698064522266,
 0.020135981200873898,
 0.0132693317641559,
 0.022356004488133463,
 0.02486658510760087,
 0.022810195240956954,
 0.015383424804329637,
 0.02083327317756023,
 0.018659938732598524,
 0.02095285242101652,
 0.015864760938930633,
 0.023961129533444092,
 0.008839777870783605,
 0.011189508928571179,
 0.02303927087347213,
 0.022882521737160433,
 0.015210802267141998,
 0.012779910416189644,
 0.01879070632058899,
 0.01560629603760555,
 0.005980282417247906,
 0.022460034349581326,
 0.017565480661916322,
 0.012139923580108736,
 0.011535909717452553,
 0.015972888228308335,
 0.018705564229883453,
 0.01690552944234569,
 0.020939722487626433,
 0.011195758749713791,
 0.015534512183779547,
 0.021502886165483792,
 0.015542716262686884,
 0.016570830173516127,
 0.01867029067937298,
 0.02248117452209253,
 0.01347711266597984,
 0.021721322687729083,
 0.025509597141140317,
 0.014319493630284397,
 0.013183481606284353,
 0.019362988841738593,
 0.019958010018410466,
 0.02088177989545148,
 0.005590678657280135,
 0.02310487428695418,
 -0.00015499644268435198,
 0.013243888972355844,
 0.017674923866281445,
 0.021095025440234005,
 0.023261172041933342,
 0.010705400048369285,
 0.009849475052941647,
 0.016416517737904313,
 0.019750348755285252,
 0.026208740770947703,
 0.03091505122481708,
 0.01780895623473744,
 0.02165015989869512,
 0.0158847814558305,
 0.01626773777490209,
 0.013106630966689403,
 0.007880183770223148,
 0.015416248378357533,
 0.011110624055516771,
 0.02685284574366631,
 0.026345580011351455,
 0.017619497028579012,
 0.017951263211615,
 0.02368000501100931,
 0.010935210980425936,
 0.014518638671398021,
 0.026515149896202184,
 0.01819839779361243,
 0.024656479863569558