0.05680688476562512,
 0.06543725585937521,
 0.05532519531250002,
 0.0647565917968751,
 0.05812646484374984,
 0.0697294921874998,
 0.05991015624999996,
 0.05614038085937523,
 0.062023925781250044,
 0.05393530273437497,
 0.04896752929687476,
 0.0617812499999999,
 0.06202270507812502,
 0.06779589843750022,
 0.05522436523437513,
 0.05677563476562475,
 0.056958496093750144,
 0.05850683593750006,
 0.0632360839843753,
 0.061043945312500014,
 0.059883789062499915,
 0.060067626953125064,
 0.055418457031249924,
 0.06389770507812509,
 0.057469482421874885,
 0.06099804687499999,
 0.06325927734374992,
 0.057046142578125014,
 0.055682373046874956,
 0.061487792968750066,
 0.04801171874999999,
 0.05766137695312512,
 0.053756103515624876,
 0.05157055664062504,
 0.06056738281249974,
 0.048466552734374835,
 0.06821191406250016,
 0.06180493164062506,
 0.05846850585937502,
 0.0558317871093752,
 0.054261718749999854,
 0.058344238281250016,
 0.05928857421875011,
 0.05237890624999997,
 0.06625244140624997,
 0.06052392578124999,
 0.0535751953125001,
 0.061968261718749806,
 0.06468725585937496,
 0.04941918945312507,
 0.0591093749999998,
 0.05677026367187521,
 0.05230834960937503,
 0.060589111328124945,
 0.052865722656250114,
 0.06031030273437499,
 0.053114746093749776,
 0.06346386718749986,
 0.0536198730468751,
 0.06316918945312522,
 0.06186157226562483,
 0.05474438476562482,
 0.05957031249999978,
 0.05765893554687507,
 0.051626464843749886,
 0.06211059570312494,
 0.05508105468750002,
 0.05393627929687472,
 0.05983129882812488,
 0.05994409179687521,
 0.059092529296874696,
 0.05960327148437505,
 0.05048852539062487,
 0.05757666015624974,
 0.052668212890624844,
 0.042228271484375135,
 0.050975341796874796,
 0.05679565429687505,
 0.059385009765624996,
 0.06275415039062482,
 0.04924584960937484,
 0.05489843750000012,
 0.04903442382812506,
 0.05398242187500002,
 0.05752807617187483,
 0.05378173828124977,
 0.0562143554687502,
 0.05392724609374988,
 0.06100830078124986,
 0.060036621093749964,
 0.05608764648437492,
 0.05661645507812518,
 0.05765771484374982,
 0.0643491210937499,
 0.062085205078125094,
 0.052623779296874895,
 0.05542749023437521,
 0.06146899414062501,
 0.05809130859375,
 0.057489990234375066,
 0.05300463867187499,
 0.05494189453124987,
 0.05051660156250004,
 0.05278588867187484,
 0.05629809570312494,
 0.06163403320312488,
 0.05929858398437493,
 0.05946826171874986,
 0.06638525390624994,
 0.05795678710937491,
 0.05171191406249975,
 0.057296386718749925,
 0.05575463867187502,
 0.05974731445312487,
 0.05509106445312506,
 0.06337060546874995,
 0.05460864257812492,
 0.05466772460937497,
 0.05732275390624997,
 0.050534912109374996,
 0.054054687499999865,
 0.054135742187499725,
 0.06174853515624967,
 0.05596191406249984,
 0.060793212890625004,
 0.06084155273437508,
 0.05910229492187491,
 0.06021435546874976,
 0.053675292968750066,
 0.05810815429687488,
 0.06283032226562502,
 0.06041406249999959,
 0.059799072265624975,
 0.06129174804687487,
 0.04423120117187507,
 0.06254003906249994,
 0.05077050781250003,
 0.05907055664062488,
 0.06706201171875015,
 0.057037353515625,
 0.06448852539062488,
 0.06987158203125032,
 0.04657006835937505,
 0.057838623046874815,
 0.056646240234375034,
 0.05306054687500006,
 0.057072998046874934,
 0.05637255859375023,
 0.05007885742187512,
 0.05327954101562504,
 0.06123828124999986,
 0.06172558593749988,
 0.06430786132812516,
 0.05449829101562487,
 0.06760522460937501,
 0.04919750976562498,
 0.058723876953124865,
 0.05691186523437519,
 0.05997290039062486,
 0.05651538085937502,
 0.07245458984374986,
 0.0553742675781248,
 0.04929541015625016,
 0.05908666992187461,
 0.05716577148437496,
 0.057534423828125014,
 0.058469970703125096,
 0.057968994140625174,
 0.05713281249999991,
 0.05256420898437497,
 0.05974609375000006,
 0.0479089355468747,
 0.06828247070312488,
 0.05505737304687486,
 0.05410009765625001,
 0.05710400390624981,
 0.05046875000000006,
 0.056676757812500256,
 0.05368115234374993,
 0.05380883789062474,
 0.06356933593750025,
 0.053915527343749714,
 0.06334545898437516,
 0.05689746093749992,
 0.06662475585937466,
 0.056742675781249696,
 0.05796411132812507,
 0.0588679199218749,
 0.05990161132812499,
 0.04762036132812497,
 0.06526586914062493,
 0.055502197265624886,
 0.06820410156250001,
 0.061308105468749874,
 0.05952221679687497,
 0.05681762695312509,
 0.06023486328124994,
 0.05657983398437483,
 0.061206542968750055,
 0.052824462890625146,
 0.05591601562500026,
 0.05446655273437495,
 0.055485839843749885,
 0.049643554687499813,
 0.0630170898437501,
 0.05154443359375005,
 0.054621826171875165,
 0.04782470703125008,
 0.05437573242187499,
 0.06005493164062492,
 0.05779687499999997,
 0.0592509765625,
 0.06265405273437508,
 0.063535400390625,
 0.05702416992187498,
 0.05692919921875017,
 0.061056396484374886,
 0.05285253906249987,
 0.06632421874999994,
 0.05903295898437522,
 0.06445312499999978,
 0.05866918945312494,
 0.05679785156250006,
 0.06112280273437509,
 0.056066406250000034,
 0.06159643554687477,
 0.055214843749999964,
 0.06076733398437506,
 0.057168212890625236,
 0.060571533203124917,
 0.06377001953125006,
 0.06040502929687497,
 0.053458007812499764,
 0.05564404296874992,
 0.05831274414062482,
 0.05535961914062515,
 0.06032324218749996,
 0.055472167968749764,
 0.0634611816406252,
 0.06350195312500007,
 0.06604614257812536,
 0.05001074218750001,
 0.05155029296874991,
 0.05519995117187504,
 0.056452148437500016,
 0.05649340820312476,
 0.05132739257812524,
 0.06020092773437513,
 0.060881103515624924,
 0.06437744140624968,
 0.056825927734375004,
 0.05484448242187501,
 0.05612597656249996,
 0.05434594726562514,
 0.05436572265624995,
 0.05170312500000018,
 0.059619384765625005,
 0.06355786132812469,
 0.0649099121093748,
 0.06055737304687492,
 0.06385717773437505,
 0.0668220214843751,
 0.05909423828124982,
 0.05478369140625006,
 0.05550268554687521,
 0.03799829101562491,
 0.058421386718749746,
 0.0596162109374998,
 0.06502514648437496,
 0.04507202148437495,
 0.0508564453125,
 0.05369750976562493,
 0.05177221679687527,
 0.06062719726562493,
 0.06186621093749989,
 0.054326416015624934,
 0.059437011718750155,
 0.051046874999999936,
 0.05369384765625007,
 0.05013964843749985,
 0.06282885742187516,
 0.06325585937499989,
 0.05463671874999987,
 0.06540307617187491,
 0.06168286132812506,
 0.06214672851562497,
 0.05884399414062491,
 0.0585312499999997,
 0.06260205078124992,
 0.05858984374999965,
 0.055875732421874824,
 0.051803466796874975,
 0.0587458496093749,
 0.05538891601562512,
 0.05840283203124996,
 0.06058618164062479,
 0.057547851562500085,
 0.059325439453125295,
 0.05458300781250003,
 0.0493017578124999,
 0.0622399902343751,
 0.051352050781249936,
 0.0638254394531248,
 0.06114794921875011,
 0.06098095703125006,
 0.06259790039062518,
 0.06384326171874988,
 0.04753027343750005,
 0.05829956054687502,
 0.06516894531249995,
 0.059870117187500016,
 0.06341552734375,
 0.054905761718749835,
 0.05613964843750008,
 0.06242456054687495,
 0.06259301757812508,
 0.05704272460937476,
 0.05414477539062479,
 0.05400805664062491,
 0.05444995117187501,
 0.06851904296874989,
 0.056533203124999876,
 0.059172607421875245,
 0.06269580078124992,
 0.04539868164062488,
 0.0589599609375,
 0.061380126953125114,
 0.0665747070312499,
 0.05695605468749987,
 0.058473388671874904,
 0.06037329101562494,
 0.07045019531250007,
 0.060230224609375105,
 0.05895581054687482,
 0.06372412109374981,
 0.05863281249999974,
 0.050671142578124995,
 0.06777294921874999,
 0.05908251953124988,
 0.05913940429687492,
 0.05245898437499985,
 0.05330224609374978,
 0.06309179687499977,
 0.05459521484375007,
 0.06609716796875009,
 0.06672412109374992,
 0.05588720703125016,
 0.05658398437500001,
 0.06482983398437492,
 0.057525634765625,
 0.05523632812500012,
 0.052919433593749954,
 0.061467041015624835,
 0.0583349609374999,
 0.04884033203124982,
 0.06173950195312483,
 0.052654541015624945,
 0.05817016601562508,
 0.05860278320312484,
 0.060606201171875096,
 0.05526025390624989,
 0.05966650390625006,
 0.06417553710937485,
 0.05370751953124997,
 0.06426416015624992,
 0.06250463867187506,
 0.05851269531249992,
 0.05266992187499975,
 0.050335693359375266,
 0.061667968750000135,
 0.05421533203124995,
 0.05767797851562495,
 0.058015869140624954,
 0.05988500976562516,
 0.057547119140624714,
 0.05417236328124986,
 0.06505371093750001,
 0.05896435546875001,
 0.05705810546875001,
 0.06265698242187501,
 0.06037597656249982,
 0.061907958984374734,
 0.0693723144531253,
 0.05689575195312502,
 0.06980517578125012,
 0.05477514648437487,
 0.059789550781250034,
 0.06382983398437503,
 0.05503686523437512,
 0.05621044921875007,
 0.05476098632812465,
 0.05784814453124998,
 0.05039526367187497,
 0.05354443359375005,
 0.055167724609375135,
 0.05532714843749975,
 0.05413696289062497,
 0.0648220214843751,
 0.04481811523437518,
 0.055279296874999995,
 0.06325952148437497,
 0.05322265625,
 0.05837060546874984,
 0.054376464843749917,
 0.051043212890624856,
 0.06873461914062484,
 0.051545654296874854,
 0.06142089843749976,
 0.05668872070312503,
 0.06785864257812468,
 0.05269775390624987,
 0.05280224609374984,
 0.061423339843750036,
 0.04945263671875022,
 0.04976782226562504,
 0.06907299804687494,
 0.05312792968750002,
 0.05459497070312502,
 0.058967285156249716,
 0.052342041015624785,
 0.06153906249999985,
 0.04354516601562497,
 0.05129956054687512,
 0.05571508789062518,
 0.057548339843750185,
 0.05906347656250022,
 0.06408886718749995,
 0.05841430664062508,
 0.051864501953124975,
 0.05367016601562513,
 0.06362670898437495,
 0.06270776367187503,
 0.052891845703124885,
 0.06420288085937487,
 0.05592138671875002,
 0.0659375000000002,
 0.054034179687499684,
 0.06010058593750012,
 0.05459350585937495,
 0.05390063476562501,
 0.05989282226562498,
 0.05515551757812509,
 0.06047509765625003,
 0.060326904296874595,
 0.05787866210937498,
 0.04872216796874995,
 0.05578686523437515,
 0.06421777343749979,
 0.058955566406250104,
 0.054204589843749984,
 0.06309057617187475,
 0.058443603515625275,
 0.05628710937499992,
 0.0679638671874998,
 0.05365820312500014,
 0.06421435546874998,
 0.06267578124999984,
 0.06299877929687492,
 0.06055908203124982,
 0.054300048828125114,
 0.05497412109375022,
 0.058338378906250155,
 0.06350463867187495,
 0.059236328124999904,
 0.05931958007812499,
 0.05874707031249993,
 0.0603491210937499,
 0.05132690429687492,
 0.06833569335937506,
 0.05997973632812492,
 0.0653505859375001,
 0.06400463867187489,
 0.053271728515625005,
 0.06209643554687494,
 0.04758007812500009,
 0.06176879882812503,
 0.06469213867187484,
 0.06304736328124982,
 0.0672172851562498,
 0.05925415039062498,
 0.06343872070312484,
 0.05043481445312503,
 0.05872583007812482,
 0.04851171874999971,
 0.057917236328124844,
 0.05604150390625007,
 0.058286132812499725,
 0.054450683593749716,
 0.05675708007812519,
 0.05987670898437503,
 0.056370605468749835,
 0.04962231445312493,
 0.05518920898437507,
 0.05510034179687495,
 0.057955078125000004,
 0.05794116210937528,
 0.060030029296874954,
 0.05404028320312482,
 0.05539331054687491,
 0.060260498046875055,
 0.050303955078124796,
 0.056920898437500034,
 0.056004638671874885,
 0.05194189453124998,
 0.06881689453124984,
 0.0643747558593748,
 0.05530859375000008,
 0.05749926757812496,
 0.06699340820312472,
 0.058687011718749904,
 0.05977636718749979,
 0.06786157226562506,
 0.06356103515624989,
 0.04949658203125007,
 0.05261572265624981,
 0.04997729492187464,
 0.04768554687499993,
 0.05329394531249987,
 0.05485156250000012,
 0.06308691406249989,
 0.05383886718749986,
 0.05856372070312488,
 0.057652343749999835,
 0.059438964843749886,
 0.060640380859374954,
 0.061060058593749966,
 0.052836425781249696,
 0.06083154296874982,
 0.06296997070312504,
 0.05420678710937521,
 0.062333251953125,
 0.05350756835937509,
 0.06345996093750017,
 0.06358837890625013,
 0.06072998046875,
 0.057109374999999796,
 0.06023193359374979,
 0.04946923828125005,
 0.0549448242187498,
 0.055855712890624964,
 0.06329956054687513,
 0.0602380371093747,
 0.057602294921875075,
 0.06111450195312518,
 0.059463378906249975,
 0.06653124999999993,
 0.058279296874999886,
 0.058340820312499986,
 0.06869409179687502,
 0.059527587890624734,
 0.051365722656249835,
 0.06194091796875001,
 0.05490014648437502,
 0.06271557617187495,
 0.06322070312499983,
 0.06417602539062495,
 0.046036865234375,
 0.05640258789062491,
 0.0495285644531247,
 0.06391625976562487,
 0.06035913085937494,
 0.060571533203124917,
 0.05753100585937476,
 0.05212304687500002,
 0.06208325195312514,
 0.056428222656249805,
 0.06962377929687502,
 0.05929980468750018,
 0.06375854492187472,
 0.05365917968749989,
 0.06589575195312491,
 0.06153417968749997,
 0.060280761718749964,
 0.05183886718749964,
 0.06413842773437506,
 0.048866943359374915,
 0.05911230468749995,
 0.06156738281250007,
 0.047792480468749954,
 0.07030615234375004,
 0.06609106445312496,
 0.05944409179687504,
 0.06353344726562504,
 0.061843749999999975,
 0.054013916015624774,
 0.05627832031249991,
 0.06057666015625007,
 0.05271215820312514,
 0.04873168945312489,
 0.05041577148437493,
 0.05415600585937508,
 0.06365112304687504,
 0.055960693359375036,
 0.0667370605468749,
 0.06891479492187491,
 0.06323901367187501,
 0.059581298828124796,
 0.04501757812499996,
 0.058558349609375115,
 0.0655021972656249,
 0.05208935546875004,
 0.06280444335937507,
 0.05960009765624985,
 0.056319091796875,
 0.0584274902343751,
 0.05483398437499987,
 0.06019677734374995,
 0.053106445312500083,
 0.05749951171875001,
 0.060399169921874885,
 0.05962890625000017,
 0.06233740234374996,
 0.05944018554687491,
 0.064343017578125,
 0.056013916015625,
 0.06377539062500004,
 0.0517910156250001,
 0.060172119140624813,
 0.06471118164062495,
 0.05757690429687501,
 0.0514194335937499,
 0.06322778320312517,
 0.06449218749999996,
 0.05554321289062503,
 0.06346362304687503,
 0.05541210937499974,
 0.0527175292968749,
 0.05506445312499997,
 0.056140625000000055,
 0.05722534179687511,
 0.06314721679687496,
 0.05570043945312486,
 0.060392578124999874,
 0.06488256835937478,
 0.057534667968750064,
 0.05776147460937486,
 0.05411914062500012,
 0.06941650390624998,
 0.05385400390625006,
 0.05872851562499992,
 0.06136425781249977,
 0.055452392578124954,
 0.054005126953125204,
 0.05790893554687493,
 0.06409790039062502,
 0.05813598632812478,
 0.04473437499999999,
 0.05095971679687472,
 0.05595776367187488,
 0.0605986328125,
 0.05587353515625004,
 0.050419921874999885,
 0.05990063476562513,
 0.0610356445312501,
 0.061027343750000185,
 0.06408715820312505,
 0.048246337890625046,
 0.051233642578124794,
 0.044306884765625165,
 0.05977685546874989,
 0.05933447265625014,
 0.058134277343749874,
 0.05178247070312514,
 0.060530517578125,
 0.06003833007812509,
 0.04820996093749996,
 0.058722900390624666,
 0.058514160156249884,
 0.05859716796875025,
 0.05433398437499992,
 0.05091894531249985,
 0.05516894531249994,
 0.0646977539062501,
 0.054251220703124936,
 0.06298461914062492,
 0.05553906250000007,
 0.06829345703125012,
 0.053373535156249874,
 0.058900146484374805,
 0.051312011718749995,
 0.05337084960937477,
 0.06371386718749994,
 0.055845458984375096,
 0.06687768554687512,
 0.05441943359375001,
 0.047293457031249986,
 0.05869555664062487,
 0.05717578125,
 0.05475195312500025,
 0.06144531250000007,
 0.06400463867187467,
 0.06855786132812502,
 0.06086254882812492,
 0.05644970703124996,
 0.06558178710937512,
 0.06226586914062504,
 0.05562524414062486,
 0.057815429687499975,
 0.06069531250000004,
 0.06630004882812512,
 0.057076660156250014,
 0.05813916015624998,
 0.0603178710937502,
 0.06216430664062522,
 0.058961425781249854,
 0.05476879882812491,
 0.055177246093749854,
 0.054234863281250156,
 0.0615075683593751,
 0.06523242187500022,
 0.05779199218749986,
 0.06293481445312477,
 0.0621953125000001,
 0.057320312499999915,
 0.06412841796875002,
 0.06398242187500025,
 0.05753417968749974,
 0.06823559570312487,
 0.06209619140624989,
 0.06082080078124985,
 0.060805908203124925,
 0.06443652343749995,
 0.06590698242187476,
 0.06124438476562499,
 0.06065600585937503,
 0.06328442382812494,
 0.05180883789062474,
 0.06682568359374996,
 0.05789111328124985,
 0.06254516601562488,
 0.061979736328124924,
 0.06485961914062477,
 0.06012231445312488,
 0.055395263671875083,
 0.05860107421874994,
 0.06927319335937487,
 0.06398437499999998,
 0.06243188476562489,
 0.054669189453125044,
 0.05518066406249966,
 0.058343994140624744,
 0.05800634765625001,
 0.05001440429687465,
 0.055641845703124915,
 0.06418261718749974,
 0.06409472656249982,
 0.060424072265625295,
 0.05957324218750015,
 0.05046899414062511,
 0.0536813964843752,
 0.05328491210937503,
 0.06115649414062507,
 0.04645141601562486,
 0.053217529296875066,
 0.05284423828125018,
 0.062416992187499964,
 0.05606201171875025,
 0.050885009765625044,
 0.05582934570312492,
 0.0458237304687501,
 0.06420874023437517,
 0.057252685546875126,
 0.0641040039062497,
 0.06543896484374967,
 0.0645910644531249,
 0.060436279296874895,
 0.055760742187500156,
 0.05990551757812512,
 0.05870800781249996,
 0.05330932617187467,
 0.060117675781249824,
 0.05773364257812519,
 0.04969628906250012,
 0.05802709960937502,
 0.06209277343750008,
 0.058482421874999746,
 0.04880883789062507,
 0.055152343749999666,
 0.06477783203124998,
 0.06236450195312493,
 0.06259594726562501,
 0.05623266601562493,
 0.05929589843749983,
 0.06354907226562467,
 0.0598295898437502,
 0.04951245117187497,
 0.05348437500000003,
 0.06122192382812508,
 0.06839062499999993,
 0.049839843749999835,
 0.05355957031250003,
 0.05539331054687491,
 0.04623852539062501,
 0.05010205078124996,
 0.05930224609374979,
 0.05250073242187492,
 0.05555932617187476,
 0.06318774414062478,
 0.05725463867187508,
 0.05215209960937495,
 0.06575488281250008,
 0.05541601562499987,
 0.055784423828125096,
 0.06732714843749998,
 0.05795874023437486,
 0.05929174804687487,
 0.05829248046874991,
 0.05294750976562512,
 0.06082836914062484,
 0.06892919921874974,
 0.05585083007812508,
 0.0631071777343748,
 0.05915014648437511,
 0.06447998046874992,
 0.059128417968750124,
 0.0670781250000001,
 0.05104858398437484,
 0.0658923339843751,
 0.06392871093749997,
 0.06629003906249986,
 0.060992187499999906,
 0.05755688476562493,
 0.061739013671874954,
 0.051440917968750055,
 0.05684985351562499,
 0.0642421875000001,
 0.06854003906249995,
 0.05184472656249994,
 0.054627929687500076,
 0.05426220703124973,
 0.05672607421875031,
 0.06378979492187509,
 0.06408886718749995,
 0.05586450195312498,
 0.05985839843750007,
 0.05257177734375018,
 0.06113623046874994,
 0.05517333984374995,
 0.0664924316406248,
 0.055054687499999755,
 0.05907177734374991,
 0.06100708007812505,
 0.05863061523437496,
 0.052897949218749796,
 0.05920751953125025,
 0.04978442382812487,
 0.056130126953124915,
 0.06056396484374993,
 0.05461645507812496,
 0.051200439453125135,
 0.061118164062499813,
 0.06313891601562527,
 0.05352490234374985,
 0.06480224609374985,
 0.05546020507812499,
 0.057950927734374935,
 0.05725878906250004,
 0.05049999999999999,
 0.05374829101562484,
 0.0676770019531252,
 0.061108154296874995,
 0.055982421875000465,
 0.05830200195312485,
 0.05122607421875003,
 0.05608520507812509,
 0.05590161132812499,
 0.050602783203124835,
 0.05952124023437477,
 0.05300610351562485,
 0.06598779296875001,
 0.06606591796874994,
 0.0618896484375,
 0.06340624999999989,
 0.058395751953125075,
 0.06105493164062503,
 0.0551174316406251,
 0.06338671874999968,
 0.061134765624999865,
 0.045426757812500274,
 0.06411914062500013,
 0.05239086914062496,
 0.05419970703124988,
 0.05335034179687481,
 0.06708056640625015,
 0.06584204101562485,
 0.05275292968749978,
 0.06209692382812504,
 0.05361499023437499,
 0.05756347656249994,
 0.06233691406250008,
 0.056859863281250034,
 0.05799047851562511,
 0.05905126953124995,
 0.05319580078124986,
 0.06793017578124982,
 0.06098632812499982,
 0.06684570312499993,
 0.05721777343750012,
 0.05858764648437487,
 0.05860644531249992,
 0.049236816406249995,
 0.05083251953125001,
 0.07015991210937522,
 0.05129345703125021,
 0.0579682617187498,
 0.05420166015625005,
 0.05639184570312494,
 0.05956372070312521,
 0.059021972656249755,
 0.053756103515624876,
 0.05613378906250022,
 0.05885546875000003,
 0.058395263671874975,
 0.04706298828125011,
 0.0598444824218749,
 0.066680908203125,
 0.06109008789062487,
 0.060988525390624826,
 0.05452514648437523,
 0.05989038085937515,
 0.05524218749999976,
 0.0639501953124999,
 0.056551025390625176,
 0.06850122070312503,
 0.054774169921875115,
 0.056185058593750004,
 0.06247241210937515,
 0.05176342773437481,
 0.06704296875000004,
 0.0666672363281251,
 0.057639160156249813,
 0.058543945312499845,
 0.059497558593750055,
 0.05861303710937493,
 0.06667504882812514,
 0.05848901367187498,
 0.0589731445312498,
 0.04585644531249988,
 0.05534936523437484,
 0.0619338378906249,
 0.062470458984374755,
 0.05831494140625004,
 0.05299755859374988,
 0.04931933593749993,
 0.05336889648437504,
 0.04865771484374992,
 0.06737426757812504,
 0.059805664062499986,
 0.06289160156249984,
 0.05963452148437498,
 0.05977392578125018,
 0.05741308593749972,
 0.06159399414062516,
 0.05317163085937526,
 0.053762695312499886,
 0.06586938476562487,
 0.054150146484374995,
 0.06080395507812497,
 0.06301025390625026,
 0.058242919921875025,
 0.06002172851562504,
 0.053970214843749975,
 0.0587631835937501,
 0.05966528320312525,
 0.06482397460937495,
 0.06364453125000002,
 0.06567358398437495,
 0.05916967773437509,
 0.05907958984374995,
 0.05888061523437482,
 0.06158447265625,
 0.04845117187499981,
 0.05213427734374987,
 0.058968505859375187,
 0.05166894531249988,
 0.06129907226562481,
 0.04673559570312502,
 0.051223632812499975,
 0.05593383789062489,
 0.0546875,
 0.061457275390624844,
 0.06933398437500005,
 0.05405688476562509,
 0.05709472656250014,
 0.06035278320312498,
 0.064685302734375,
 0.052335937499999874,
 0.05079370117187487,
 0.06186914062499982,
 0.05627050781250009,
 0.05826147460937503,
 0.06338354492187492,
 0.05356835937499982,
 0.05982177734374994,
 0.061048095703125194,
 0.05477587890625002,
 0.053000488281250036,
 0.05401049804687519,
 0.057879882812500005,
 0.06309863281249983