0.09248706054687483,
 0.0879833984374998,
 0.10047485351562502,
 0.09928833007812499,
 0.10348754882812505,
 0.09194531249999982,
 0.1007663574218749,
 0.09989501953125002,
 0.09896582031249967,
 0.08962329101562494,
 0.09803198242187494,
 0.09406005859374988,
 0.097409912109375,
 0.09541723632812482,
 0.09300415039062493,
 0.11251147460937494,
 0.10071142578124992,
 0.08914843750000001,
 0.10020874023437498,
 0.09739624023437488,
 0.0986770019531249,
 0.0973564453125001,
 0.099428466796875,
 0.10127685546874998,
 0.09208447265624975,
 0.10436401367187509,
 0.09025244140624977,
 0.10395019531249994,
 0.10037475585937461,
 0.09596582031250023,
 0.09606152343749996,
 0.09201416015624986,
 0.10279174804687496,
 0.09327954101562486,
 0.09553247070312487,
 0.09830932617187482,
 0.10658251953125009,
 0.098696044921875,
 0.09736279296874994,
 0.09509545898437488,
 0.09798852539062475,
 0.0885651855468752,
 0.08881665039062492,
 0.093874267578125,
 0.09040429687500007,
 0.09309863281249986,
 0.09009497070312511,
 0.10156640624999991,
 0.09147949218750018,
 0.09529956054687494,
 0.09085498046874974,
 0.10371386718750009,
 0.09750659179687504,
 0.09869970703124986,
 0.09556811523437503,
 0.09402343749999997,
 0.10211181640625,
 0.09930322265625002,
 0.09311596679687484,
 0.09014453125000021,
 0.099729248046875,
 0.10664208984375001,
 0.10183666992187501,
 0.09319653320312482,
 0.10243408203125004,
 0.08947143554687509,
 0.09910986328124993,
 0.09769604492187489,
 0.10024023437499985,
 0.08448657226562495,
 0.09619165039062483,
 0.08886425781249985,
 0.09589013671875013,
 0.09408374023437482,
 0.09180200195312516,
 0.10032568359375005,
 0.0862856445312501,
 0.09417602539062497,
 0.09260375976562507,
 0.10065234374999976,
 0.0933422851562502,
 0.09121459960937495,
 0.10145971679687493,
 0.09630761718749992,
 0.10227661132812482,
 0.09633374023437513,
 0.09452685546874995,
 0.08246606445312477,
 0.09746826171875012,
 0.09576782226562486,
 0.10491479492187505,
 0.09482421874999991,
 0.09742065429687496,
 0.10051904296874992,
 0.09379785156249998,
 0.0824694824218748,
 0.10225976562499994,
 0.102712890625,
 0.0897785644531246,
 0.09945727539062488,
 0.1070095214843747,
 0.10229687499999995,
 0.09796215820312493,
 0.10342065429687486,
 0.09557080078124969,
 0.10042724609375009,
 0.09860473632812483,
 0.09074121093749987,
 0.09345971679687493,
 0.08490820312499991,
 0.09052221679687489,
 0.08855541992187499,
 0.09179028320312499,
 0.09609326171874999,
 0.09659594726562482,
 0.10055981445312523,
 0.09744628906250008,
 0.08979931640625027,
 0.09106933593749977,
 0.09899462890624999,
 0.0896120605468751,
 0.0931696777343749,
 0.09690234374999984,
 0.1036796874999999,
 0.08962084960937489,
 0.09773657226562471,
 0.09543749999999984,
 0.10126660156250011,
 0.09984985351562492,
 0.09564599609375013,
 0.09151123046874998,
 0.10404345703124984,
 0.09405981445312506,
 0.10188281249999998,
 0.09655639648437475,
 0.09371093750000004,
 0.09844677734375007,
 0.09414062500000009,
 0.09466308593749995,
 0.09129345703125002,
 0.09323803710937506,
 0.10059374999999993,
 0.09889208984374998,
 0.10411376953125007,
 0.09808300781250001,
 0.09702099609374981,
 0.09492822265624978,
 0.09782617187499998,
 0.0982333984374999,
 0.10466503906250013,
 0.09664379882812513,
 0.1019438476562502,
 0.10669946289062504,
 0.0999069824218749,
 0.0918857421874999,
 0.09731249999999991,
 0.09807055664062503,
 0.08832519531249994,
 0.09837011718749977,
 0.1027565917968748,
 0.09900195312500004,
 0.09558789062500006,
 0.10308666992187487,
 0.09420190429687492,
 0.09793701171875013,
 0.09551562499999988,
 0.09606738281249982,
 0.09890380859375003,
 0.10209619140625004,
 0.09228271484374995,
 0.10232373046874998,
 0.09319335937499984,
 0.0918154296875,
 0.09038403320312516,
 0.09570385742187493,
 0.09466357421874982,
 0.09249194335937494,
 0.09790136718749998,
 0.09470019531250018,
 0.11053369140624991,
 0.10175634765625019,
 0.09382763671875027,
 0.09746240234374981,
 0.09459008789062473,
 0.08929760742187498,
 0.09321801757812498,
 0.09340722656250033,
 0.09669433593749988,
 0.09988085937499958,
 0.09953735351562498,
 0.09110278320312504,
 0.09702294921874977,
 0.09375366210937508,
 0.09906640624999996,
 0.0887883300781247,
 0.10177978515624986,
 0.0982492675781248,
 0.10279711914062473,
 0.09783007812499989,
 0.09097290039062522,
 0.09725219726562506,
 0.10141357421874986,
 0.100654052734375,
 0.09662524414062501,
 0.08706933593749988,
 0.09220361328124982,
 0.10286816406250021,
 0.09710229492187494,
 0.10164770507812493,
 0.09648608398437508,
 0.09934277343749975,
 0.09456933593749994,
 0.09880126953124968,
 0.09384179687499983,
 0.09632373046874987,
 0.09603857421874995,
 0.09541186523437495,
 0.08890307617187476,
 0.09764770507812504,
 0.09176025390624964,
 0.09131738281249979,
 0.08881005859374991,
 0.10205126953124988,
 0.09485180664062487,
 0.09326269531249975,
 0.09938720703125004,
 0.08637329101562496,
 0.09432910156249985,
 0.11155737304687485,
 0.08958911132812508,
 0.09090942382812495,
 0.09668261718749993,
 0.09466357421875005,
 0.10310717773437494,
 0.09736083984374977,
 0.10327368164062478,
 0.09797167968749976,
 0.0942426757812499,
 0.10267065429687494,
 0.09785693359375003,
 0.0922705078124999,
 0.09246850585937505,
 0.09724340820312483,
 0.09530981445312481,
 0.09775146484374986,
 0.09037280273437509,
 0.084322265625,
 0.0908454589843748,
 0.09429272460937521,
 0.09816723632812474,
 0.10107104492187502,
 0.10099804687500002,
 0.09085913085937491,
 0.09033496093749971,
 0.09748999023437488,
 0.08855615234375014,
 0.0949233398437499,
 0.10431689453125004,
 0.10093774414062495,
 0.09925976562499983,
 0.09845336914062519,
 0.09183032226562515,
 0.09256884765624984,
 0.09268237304687488,
 0.09728320312499983,
 0.09191625976562512,
 0.09588183593749977,
 0.09098510742187504,
 0.09600659179687465,
 0.10869824218750002,
 0.09254589843749983,
 0.09693872070312515,
 0.09597314453124994,
 0.09284399414062494,
 0.09291796875000014,
 0.09413867187500002,
 0.09238671874999982,
 0.09709814453125021,
 0.08994311523437482,
 0.0837724609374999,
 0.0933947753906248,
 0.09653955078124976,
 0.09698950195312506,
 0.10446606445312479,
 0.09816870117187504,
 0.10743212890625009,
 0.09514794921875014,
 0.09311645507812472,
 0.10080102539062508,
 0.10051684570312491,
 0.08723535156249995,
 0.09885375976562516,
 0.10125317382812482,
 0.10439453125000009,
 0.0939440917968748,
 0.09872998046875014,
 0.10194018554687512,
 0.09028784179687488,
 0.09960156249999996,
 0.09662768554687506,
 0.09968627929687512,
 0.10191040039062493,
 0.1020490722656251,
 0.09363183593749991,
 0.09426464843749982,
 0.10045214843749983,
 0.10550268554687481,
 0.09681689453124975,
 0.09826147460937484,
 0.08725317382812503,
 0.09009545898437499,
 0.097405029296875,
 0.09541723632812493,
 0.10369482421874987,
 0.09539331054687517,
 0.09057910156249971,
 0.09502124023437508,
 0.09132617187500003,
 0.11137622070312492,
 0.09288769531250018,
 0.08522949218750009,
 0.09830151367187501,
 0.09894042968749983,
 0.09211035156249991,
 0.08989355468749993,
 0.09975048828124988,
 0.09313256835937489,
 0.09847949218749985,
 0.08855859375000019,
 0.09389624023437526,
 0.09665820312499984,
 0.09886035156249995,
 0.09871826171874998,
 0.09866381835937499,
 0.09177758789062485,
 0.09943945312499991,
 0.09798974609375,
 0.08887377929687501,
 0.09605493164062495,
 0.09609301757812472,
 0.09818139648437518,
 0.0886867675781251,
 0.08314428710937505,
 0.10945849609375014,
 0.09498291015625004,
 0.09904003906250003,
 0.09530932617187493,
 0.09649682617187483,
 0.09672851562499973,
 0.10768798828125004,
 0.09445263671875015,
 0.09635717773437502,
 0.09494970703125005,
 0.09375854492187496,
 0.09108251953125013,
 0.09467089843749976,
 0.09607934570312504,
 0.09490795898437487,
 0.09888403320312489,
 0.09028833007812476,
 0.09403417968749994,
 0.0852001953124999,
 0.1076208496093749,
 0.09776879882812484,
 0.09324780273437483,
 0.09059472656250023,
 0.10655981445312501,
 0.10082739257812501,
 0.09377148437500016,
 0.09637451171875,
 0.09847387695312515,
 0.08932885742187513,
 0.09211328125000007,
 0.09827587890624989,
 0.092240478515625,
 0.09600708007812497,
 0.09606811523437497,
 0.08941357421874985,
 0.0967231445312502,
 0.0916552734374998,
 0.09143554687499966,
 0.09485302734374979,
 0.09702929687499995,
 0.09119409179687499,
 0.09600781250000012,
 0.10063842773437504,
 0.09581616210937494,
 0.09332666015624991,
 0.10089160156249999,
 0.10038134765625006,
 0.09866210937499986,
 0.0978039550781249,
 0.09512402343750015,
 0.09680908203124994,
 0.08961499023437502,
 0.10740454101562502,
 0.08899316406250013,
 0.09844653320312502,
 0.09323413085937471,
 0.09411230468749987,
 0.09687353515624997,
 0.09759082031249977,
 0.10263525390625006,
 0.08928588867187504,
 0.09764282226562493,
 0.09926318359375008,
 0.10284814453124991,
 0.10012207031250009,
 0.09302099609374981,
 0.08811791992187512,
 0.10133251953125011,
 0.09434594726562495,
 0.09707861328124978,
 0.09985058593749996,
 0.09984619140624995,
 0.09828833007812499,
 0.08845776367187508,
 0.09208349609374977,
 0.09396459960937487,
 0.09715747070312486,
 0.09344897460937496,
 0.08873828124999994,
 0.09476733398437487,
 0.10309106445312488,
 0.09957275390624987,
 0.10565161132812484,
 0.09585961914062491,
 0.09749218749999977,
 0.10767993164062495,
 0.09504882812499993,
 0.10275927734375012,
 0.1077756347656249,
 0.10185473632812503,
 0.09373681640624998,
 0.10141796874999998,
 0.09019458007812498,
 0.10176953124999988,
 0.0927707519531249,
 0.100672607421875,
 0.09767919921875001,
 0.08514111328124985,
 0.09422290039062498,
 0.09138256835937497,
 0.09600073242187523,
 0.09583691406249994,
 0.10123510742187503,
 0.09557226562500021,
 0.09473608398437516,
 0.09498437499999968,
 0.10623608398437501,
 0.09778588867187477,
 0.09451782226562477,
 0.09819873046874994,
 0.11210351562499987,
 0.09680078125000002,
 0.08928808593750004,
 0.09880834960937501,
 0.09856274414062494,
 0.09857226562499988,
 0.08646850585937504,
 0.093921142578125,
 0.09683300781249993,
 0.09227221679687525,
 0.09854345703124978,
 0.0919179687499998,
 0.10182910156249991,
 0.09662231445312486,
 0.09562744140624968,
 0.10120288085937501,
 0.09565917968749993,
 0.09610449218749983,
 0.09631713867187486,
 0.0911237792968751,
 0.095503662109375,
 0.08852343750000014,
 0.0949985351562499,
 0.10171142578125003,
 0.08875805664062497,
 0.09455322265624955,
 0.09079003906249983,
 0.10140600585937509,
 0.09213403320312485,
 0.09757641601562494,
 0.0872341308593747,
 0.09165576171875012,
 0.1010141601562502,
 0.10312451171874981,
 0.08799707031249993,
 0.0920546874999999,
 0.08977001953124986,
 0.09520458984375013,
 0.10006542968749965,
 0.0880444335937498,
 0.09706542968749998,
 0.0915642089843749,
 0.10182885742187509,
 0.10052978515625,
 0.098142333984375,
 0.08762036132812479,
 0.09179736328124988,
 0.09409155273437508,
 0.08663281249999999,
 0.09963183593749991,
 0.08946679687499981,
 0.09251757812500006,
 0.10204736328124986,
 0.09317822265624986,
 0.09379003906249994,
 0.10105908203124991,
 0.09016552734374983,
 0.08986425781249996,
 0.09380444335937499,
 0.08761132812499994,
 0.10086425781249986,
 0.08810888671874983,
 0.09519213867187493,
 0.09018090820312485,
 0.09263769531249988,
 0.09682763671875005,
 0.09992626953124994,
 0.09437353515625002,
 0.09759033203124978,
 0.09075341796874992,
 0.09277368164062505,
 0.10080078124999992,
 0.0848698730468751,
 0.09595288085937481,
 0.0923413085937499,
 0.09718676757812494,
 0.09243090820312494,
 0.09829370117187508,
 0.09370898437500008,
 0.09309252929687495,
 0.09745776367187498,
 0.09604248046874986,
 0.09598754882812477,
 0.09888476562499982,
 0.09920947265625024,
 0.09404663085937504,
 0.09912451171874992,
 0.08968286132812509,
 0.09631689453124992,
 0.09695849609375018,
 0.08573510742187485,
 0.09621801757812487,
 0.09770312499999989,
 0.0968552246093749,
 0.09773046874999991,
 0.09798071289062493,
 0.09748144531249969,
 0.08922778320312519,
 0.09981249999999986,
 0.09107128906249984,
 0.10379809570312482,
 0.09143847656250004,
 0.09680371093749995,
 0.09447607421874982,
 0.09701562500000005,
 0.09854687500000003,
 0.10531835937500011,
 0.092578857421875,
 0.10855029296875007,
 0.1058415527343749,
 0.09550439453124993,
 0.09234277343749997,
 0.10395239257812494,
 0.08683105468749996,
 0.09748632812500002,
 0.0912456054687496,
 0.09553979492187503,
 0.09312841796874993,
 0.09066137695312482,
 0.09382714843749973,
 0.08875732421875027,
 0.09657983398437509,
 0.09610864257812479,
 0.09415185546874971,
 0.10025122070312475,
 0.09634887695312533,
 0.0988486328125,
 0.0883815917968751,
 0.09579931640624995,
 0.08521508789062504,
 0.08748828124999997,
 0.09411840820312478,
 0.08966796874999994,
 0.08973144531249977,
 0.1037937011718747,
 0.09166845703125004,
 0.0934394531249998,
 0.09331933593750019,
 0.09920239257812491,
 0.0907751464843749,
 0.10418017578124994,
 0.09655053710937489,
 0.09079687500000011,
 0.08758032226562484,
 0.10141601562500013,
 0.09831103515625017,
 0.09760913085937484,
 0.09764819335937491,
 0.09831640625000004,
 0.09671826171874986,
 0.10349999999999981,
 0.08862670898437486,
 0.0924960937499999,
 0.09883935546874989,
 0.09458178710937482,
 0.08894384765625007,
 0.09529077148437493,
 0.10354174804687477,
 0.09102416992187501,
 0.0950427246093749,
 0.09590747070312466,
 0.099649169921875,
 0.09559936523437484,
 0.08881762695312512,
 0.08926855468750006,
 0.09361987304687491,
 0.08872802734375007,
 0.09407739257812486,
 0.09368383789062507,
 0.0885178222656251,
 0.09014038085937481,
 0.09933447265625006,
 0.09616723632812496,
 0.09755444335937502,
 0.100268798828125,
 0.09882275390624984,
 0.10344799804687488,
 0.08849389648437489,
 0.09390161132812502,
 0.10409667968750003,
 0.09089965820312496,
 0.09069506835937502,
 0.10211914062499983,
 0.09698876953124991,
 0.0905593261718749,
 0.09228979492187506,
 0.09502441406250006,
 0.08596874999999993,
 0.10827172851562472,
 0.09455322265624999,
 0.09627832031249994,
 0.09153442382812493,
 0.10798925781250013,
 0.09195751953125009,
 0.09366162109374976,
 0.09183447265625011,
 0.09064233398437493,
 0.09946923828124998,
 0.09803149414062506,
 0.09118115234375002,
 0.0930041503906247,
 0.10156127929687497,
 0.09953100585937502,
 0.09943408203125004,
 0.08988037109375013,
 0.09914550781249976,
 0.09419311523437468,
 0.09645263671874993,
 0.09551269531250006,
 0.09016284179687506,
 0.08976342773437507,
 0.09420263671875007,
 0.09120214843750007,
 0.09936962890625001,
 0.09813696289062501,
 0.09059301757812488,
 0.09158129882812505,
 0.09835742187499996,
 0.0932426757812499,
 0.09296777343750007,
 0.10574218750000008,
 0.0936896972656247,
 0.09873510742187497,
 0.09852050781249999,
 0.09360620117187479,
 0.08958447265625002,
 0.0969477539062501,
 0.09725512695312499,
 0.09316479492187502,
 0.10180053710937498,
 0.0918596191406249,
 0.09032250976562506,
 0.08980346679687523,
 0.087432861328125,
 0.0953962402343751,
 0.09786962890625017,
 0.09751074218750011,
 0.09054638671874993,
 0.09351171874999986,
 0.09277612304687488,
 0.10697534179687485,
 0.09404565429687506,
 0.08871923828125006,
 0.10213378906249992,
 0.09855761718749978,
 0.08991333007812519,
 0.09053686523437499,
 0.1052600097656251,
 0.10370605468749983,
 0.09707495117187492,
 0.08882128906249998,
 0.09183325195312508,
 0.08869116210937489,
 0.10060034179687483,
 0.0948469238281251,
 0.09664501953125004,
 0.09811450195312488,
 0.09887451171874995,
 0.09176928710937493,
 0.09616113281250005,
 0.10411352539062502,
 0.09244409179687496,
 0.09990771484374994,
 0.09783544921874987,
 0.09413867187499991,
 0.09645019531249988,
 0.09697924804687474,
 0.09408959960937491,
 0.10214086914062481,
 0.09763085937499993,
 0.09759765624999994,
 0.08724707031250012,
 0.10528564453125,
 0.1013474121093747,
 0.09488330078125018,
 0.08827075195312517,
 0.09314453124999966,
 0.10282568359374977,
 0.09407080078125007,
 0.09518603515624968,
 0.09911230468749999,
 0.10059326171874994,
 0.08654321289062494,
 0.09713110351562504,
 0.08727343749999994,
 0.09317919921875006,
 0.09625659179687496,
 0.09958178710937471,
 0.09595556640624991,
 0.09342333984375006,
 0.10113598632812504,
 0.0946779785156251,
 0.09482299804687488,
 0.10091137695312491,
 0.09111474609374981,
 0.09677148437500005,
 0.10024438476562514,
 0.09698291015624982,
 0.09659838867187509,
 0.10314111328124997,
 0.09394042968749994,
 0.0945920410156249,
 0.09771484375000006,
 0.0954904785156252,
 0.10330419921874989,
 0.09825292968749977,
 0.09135424804687498,
 0.097503662109375,
 0.09221240234375006,
 0.097616455078125,
 0.09915747070312486,
 0.09479907226562512,
 0.09122827148437507,
 0.10025170898437485,
 0.09423486328124997,
 0.10007885742187506,
 0.09537890625,
 0.09593432617187503,
 0.09647827148437482,
 0.09447436523437491,
 0.08747460937500007,
 0.0965620117187499,
 0.08665478515625002,
 0.09546362304687483,
 0.10762304687499968,
 0.09646582031249995,
 0.09336669921874985,
 0.09643310546875017,
 0.09224877929687492,
 0.09634472656249993,
 0.0837038574218747,
 0.08944628906249985,
 0.10072460937500016,
 0.08883422851562517,
 0.08600097656249983,
 0.10278881835937481,
 0.09231616210937466,
 0.0965712890624999,
 0.09670629882812487,
 0.09014208984374994,
 0.10256616210937497,
 0.09940283203124989,
 0.09030737304687508,
 0.08984008789062492,
 0.09926635742187484,
 0.09727954101562486,
 0.09237304687500014,
 0.09650463867187531,
 0.09310449218750017,
 0.09608056640625007,
 0.0932160644531248,
 0.09966528320312495,
 0.09782421875000002,
 0.09726049804687498,
 0.10102563476562498,
 0.09308789062499967,
 0.10388110351562507,
 0.09967553710937516,
 0.09382714843749995,
 0.09222802734374991,
 0.09297485351562473,
 0.09207495117187503,
 0.09466308593749995,
 0.10006347656249992,
 0.09178833007812481,
 0.09780639648437495,
 0.09292968749999986,
 0.09743847656250015,
 0.10335424804687499,
 0.10222045898437493,
 0.09716088867187489,
 0.09819677734374987,
 0.08612646484374986,
 0.0999804687500001,
 0.09650952148437497,
 0.09303588867187496,
 0.10046533203124985,
 0.09796337890624984,
 0.08502392578124995,
 0.08959277343749994,
 0.10485009765625009,
 0.09272998046875003,
 0.09268261718749993,
 0.09738769531250002,
 0.09734008789062476,
 0.09078124999999981,
 0.09286401367187502,
 0.10714965820312505,
 0.09608740234375013,
 0.09573315429687512,
 0.09944970703124989,
 0.09774267578125007,
 0.10392236328125004,
 0.1004611816406249,
 0.0989914550781249,
 0.10372998046874993,
 0.09516088867187489,
 0.09065209960937493,
 0.08306372070312507,
 0.10791528320312493,
 0.09447192382812486,
 0.1005722656250001,
 0.09717358398437503,
 0.09451318359374983,
 0.10344873046874992,
 0.09112744140624995,
 0.08749145507812517,
 0.09975122070312481,
 0.09674951171875001,
 0.0978093261718751,
 0.09348486328124994,
 0.09553808593750002,
 0.0944665527343751,
 0.09904736328124986,
 0.09473242187499986,
 0.0997810058593751,
 0.10214624023437491,
 0.10079907226562468,
 0.09971411132812513,
 0.10175659179687502,
 0.09568701171874994,
 0.10204663085937493,
 0.09090356445312509,
 0.09560229492187489,
 0.10058129882812494,
 0.09331225585937508,
 0.10292309570312486,
 0.08031811523437526,
 0.10119311523437502,
 0.09776416015624978,
 0.09848120117187498,
 0.10569628906249973,
 0.09670776367187484,
 0.09456274414062504,
 0.09685498046874996,
 0.09586450195312501,
 0.0963571777343748,
 0.09116333007812494,
 0.10080102539062485,
 0.0925708007812498,
 0.101052978515625,
 0.09693457031249997,
 0.10187109374999981,
 0.09346215820312498,
 0.09700268554687463,
 0.09755859374999998,
 0.08547119140624981,
 0.10096704101562493,
 0.09787744140624977,
 0.0982775878906248,
 0.0948601074218749,
 0.09362402343750009,
 0.09494628906249991,
 0.08924291992187494,
 0.09711718750000009,
 0.09859448242187474,
 0.09306811523437508,
 0.09930151367187467,
 0.09348437499999995,
 0.09419702148437514,
 0.09822558593750008,
 0.10131518554687502,
 0.09407495117187503,
 0.10697973632812507,
 0.0964736328125001,
 0.09976831054687518,
 0.09247583007812477,
 0.09343579101562494,
 0.09432250976562484,
 0.09978466796875007,
 0.10244604492187515,
 0.093019775390625,
 0.10199267578125015,
 0.09369213867187498,
 0.1132958984375001,
 0.09913427734375002,
 0.09252294921874982,
 0.08770996093749983,
 0.09642700195312504,
 0.09917260742187506,
 0.09573950195312486,
 0.0946606445312499,
 0.10232568359375005,
 0.1053930664062499,
 0.10041528320312476,
 0.09521362304687497,
 0.09909545898437488,
 0.10187988281249982,
 0.09415136718750006,
 0.08729418945312517,
 0.09729589843749986,
 0.09732934570312513,
 0.10109765624999989,
 0.09360644531249984,
 0.09284350585937462,
 0.09252514648437493,
 0.09332470703124973,
 0.09407177734375027,
 0.09655834960937515,
 0.09791455078125,
 0.09342089843750001,
 0.09894042968750005,
 0.0988100585937497,
 0.09473193359374998,
 0.09299829101562485,
 0.10337597656249997,
 0.09231030273437502,
 0.09158935546874991,
 0.09406835937500002,
 0.09395312499999986,
 0.09410717773437494,
 0.09384863281250011,
 0.10234521484374981,
 0.10083911132812506,
 0.1020622558593749,
 0.0996372070312499,
 0.0939016113281248,
 0.09720092773437505,
 0.09714526367187504,
 0.09988793945312469,
 0.09291040039062493,
 0.09813183593750008,
 0.09902490234374994,
 0.09913208007812513,
 0.09722290039062487,
 0.09777709960937508,
 0.10403027343750004,
 0.09592602539062511,
 0.08601000976562467,
 0.09099780273437497,
 0.10104638671874988,
 0.09677856445312494,
 0.09738012695312492,
 0.1042355957031249,
 0.0979011230468747,
 0.09406518554687482,
 0.10163671875000002,
 0.09544287109374983,
 0.09557543945312497,
 0.09695776367187481,
 0.09347363281249987,
 0.08754321289062483,
 0.10272558593750003,
 0.09835009765624991,
 0.10661767578124992,
 0.0965080566406249,
 0.09496704101562514