0.025226074218749894,
 -0.06949658203124998,
 0.06598852539062505,
 -0.011800781250000003,
 0.014574218749999979,
 -0.007293457031250006,
 -0.06335668945312499,
 0.04312866210937499,
 0.02184326171874995,
 0.04573535156249997,
 -0.042337890624999985,
 -0.026802246093749996,
 -0.013489013671874994,
 0.007865966796875012,
 -0.00037377929687498757,
 -0.047141601562499996,
 -0.0416435546875,
 0.07776684570312498,
 0.03735449218749998,
 -0.027759033203124978,
 0.0028527832031250977,
 0.024940185546874993,
 0.00045092773437502287,
 0.014372558593750029,
 0.008291503906249997,
 -0.005878906249999982,
 -0.01951367187499997,
 -0.007796630859374987,
 0.012913818359374996,
 0.006626220703125019,
 -0.0387265625,
 0.0029516601562500355,
 -0.025759521484374992,
 0.08789599609374987,
 0.07256689453125009,
 0.038223632812499964,
 0.03644213867187496,
 -0.043336914062499995,
 0.007717773437499964,
 -0.0032199707031249913,
 -0.020773925781250008,
 0.0057143554687499876,
 0.05080151367187491,
 0.010834716796874977,
 -0.058536132812500016,
 0.084714599609375,
 0.01753051757812496,
 0.08797485351562506,
 -0.008509521484375004,
 0.01128808593750008,
 -0.016080078125000008,
 0.051548583984374896,
 -0.0077011718750000235,
 0.028538085937499957,
 0.011708984374999953,
 0.028555908203125036,
 0.08238354492187505,
 -0.0047102050781250016,
 0.020088867187500026,
 0.03370727539062501,
 -0.006545898437499975,
 -0.08936645507812496,
 0.01947753906250005,
 -0.09591503906249996,
 0.03329199218750001,
 0.04290087890624994,
 -0.024282958984374964,
 0.03836791992187505,
 0.09785229492187497,
 -0.006531738281249977,
 0.00366723632812499,
 0.006557617187499976,
 0.06546411132812491,
 0.037795898437500086,
 0.06066137695312501,
 -0.011775390624999937,
 -0.010963378906249988,
 -0.056158447265624994,
 0.021085449218749996,
 -0.024479736328125,
 0.03912280273437507,
 0.04419677734375005,
 0.06748193359374999,
 -0.032387695312499985,
 0.05836572265625006,
 0.01504003906250001,
 -0.024768798828124994,
 0.010802001953124918,
 -0.0010529785156249971,
 0.01149487304687502,
 -0.02821508789062499,
 -0.05294067382812499,
 -0.014608398437499996,
 0.04778051757812507,
 -0.05019165039062501,
 -0.020341308593749996,
 -0.06737060546875,
 0.009242919921874981,
 -0.02732861328125001,
 0.031017822265625106,
 0.004015136718749979,
 0.0026865234375000047,
 -0.02921801757812499,
 -0.05319970703125,
 0.03463037109375,
 -0.09532617187499998,
 -0.021853271484375,
 -0.005229248046874968,
 -0.02477978515625001,
 -0.035821044921874996,
 -0.02735327148437497,
 0.020160156249999894,
 -0.03955371093750001,
 0.000995361328125055,
 -0.016957275390625026,
 0.07598974609374987,
 -0.011237792968749966,
 0.061555419921875076,
 -0.08762744140624995,
 -0.007312988281249988,
 0.021599121093750062,
 0.039618408203124955,
 0.027881347656250055,
 -0.0566875,
 0.08380273437499985,
 0.04659545898437489,
 -0.017562255859374987,
 -0.03433349609375003,
 0.061002441406249996,
 0.10005053710937517,
 0.013876220703124997,
 0.05216845703124984,
 0.013182128906250035,
 -0.03285375976562502,
 0.04358154296875005,
 -0.024686523437499996,
 -0.046242675781250006,
 -0.025294677734375007,
 -0.0063232421874999944,
 -0.04617846679687501,
 0.0020522460937499876,
 0.06896923828125012,
 0.027447265624999995,
 0.021674560546875055,
 0.021149169921875044,
 0.03511083984374985,
 -0.0018496093750000053,
 0.03857763671875003,
 -0.045563720703125,
 -0.026014160156249966,
 0.01741479492187492,
 -0.001945068359375024,
 0.08735449218750013,
 -0.015961669921875005,
 -0.062278076171875,
 0.038314697265625086,
 0.004816406250000016,
 -0.021642333984375012,
 0.010822021484374944,
 -0.06279541015625,
 -0.01838427734374999,
 -0.073646240234375,
 -0.04348461914062498,
 -0.046085205078125004,
 -0.09153662109374999,
 0.0035869140624999463,
 -0.0029738769531248987,
 0.028630126953124946,
 -0.06846997070312502,
 -0.005223876953125012,
 -0.04477197265625001,
 0.08594213867187495,
 0.09934936523437488,
 0.059500976562499974,
 -0.020776611328124972,
 0.018237792968750055,
 -0.060487792968749995,
 -0.048328369140625015,
 0.07977148437499992,
 -0.08590039062499999,
 -0.031159912109375007,
 0.018146728515625044,
 -0.04946435546874997,
 -0.010764160156249925,
 -0.04031713867187499,
 0.014592529296875045,
 -0.018031005859374893,
 -0.03547241210937499,
 -0.07694750976562498,
 -0.0520263671875,
 -0.00470141601562496,
 -0.033626464843749954,
 0.030857666015625063,
 -0.040077148437499995,
 0.004895507812500005,
 -0.022939941406249942,
 0.0007539062499999916,
 0.040824218749999974,
 -0.004918212890625051,
 -0.019990478515625007,
 -0.10777709960937498,
 0.10622875976562485,
 -0.05100537109375001,
 -0.0605380859375,
 0.04830688476562495,
 -0.047969482421874994,
 0.0024582519531250457,
 -0.044887939453125,
 0.04872363281249992,
 -0.01717211914062501,
 -0.026746582031250007,
 0.0949560546874999,
 -0.017321533203125017,
 0.0323251953125,
 0.008124511718750005,
 0.028641601562499952,
 -0.03989599609375,
 -0.0007373046874999956,
 -0.027469482421875004,
 -0.01858325195312499,
 -0.027528320312499938,
 -0.07424267578125004,
 -0.03320654296875,
 -0.03778784179687501,
 -0.05114428710937501,
 -0.033375732421875005,
 0.0940158691406251,
 -0.04682568359375,
 0.02736401367187491,
 -0.04628686523437501,
 -0.046475830078125,
 -0.05240014648437499,
 -0.025046142578125,
 0.023367431640624936,
 0.05969970703124994,
 0.02274389648437497,
 -0.04381494140625,
 0.023483398437500025,
 0.02628930664062501,
 0.07186669921875,
 -0.05300048828125001,
 0.013698486328125037,
 -0.062651123046875,
 0.03083618164062496,
 -0.05100903320312501,
 0.07358715820312489,
 -0.021592529296875024,
 -0.016684326171875,
 -0.059711669921875,
 0.03261743164062503,
 -0.042361083984375006,
 -0.0049218749999999645,
 -0.013826171874999998,
 0.0013464355468749967,
 -0.065854736328125,
 0.0036552734375000506,
 -0.00039819335937496536,
 0.09838598632812467,
 -0.013761718750000013,
 0.04780395507812507,
 -0.055854980468749996,
 0.05118188476562491,
 -0.026224609375,
 0.027661376953124928,
 0.036297851562500094,
 -0.011472167968750002,
 0.04094702148437501,
 0.001237304687499996,
 -0.08250073242187494,
 -0.08769653320312498,
 -0.053418212890625,
 0.03625097656250009,
 0.04964306640625005,
 0.05076513671874994,
 -0.012385986328124987,
 0.002861572265625001,
 0.0745866699218749,
 0.005349121093749992,
 -0.07859790039062492,
 -0.001097656250000023,
 0.040935546875000006,
 -0.010600097656249974,
 0.013019287109374944,
 -0.035246337890625,
 -0.0015729980468749405,
 -0.02000341796875002,
 0.016511230468750027,
 -0.06304736328125,
 -0.04020312499999999,
 0.03495703125000005,
 0.011618164062499992,
 0.08157250976562502,
 -0.052194580078125,
 -0.01961791992187495,
 -0.0713828125,
 0.02091479492187498,
 -0.015164306640624958,
 0.0033188476562499014,
 -0.06200219726562499,
 0.021180664062500076,
 -0.05998413085937501,
 0.016657226562500016,
 0.0054545898437499685,
 -0.010348144531249964,
 -0.06531298828124998,
 0.02480102539062501,
 -0.027358154296874992,
 -0.022857666015624986,
 -0.032874999999999995,
 -0.025229492187500008,
 0.07858374023437498,
 -0.007649658203124965,
 -0.008301757812499921,
 -0.0749169921875,
 -0.01987207031249999,
 -0.016187744140625016,
 -0.08204077148437494,
 0.009154785156249956,
 -0.01527416992187497,
 0.07070849609375007,
 0.004881591796875029,
 -0.04695043945312502,
 -0.03526562500000001,
 -0.05253393554687501,
 -0.08665551757812506,
 0.035532714843750035,
 -0.010442626953124978,
 0.01957543945312501,
 0.01129663085937499,
 0.012537597656249955,
 -0.012062011718750015,
 0.05965209960937501,
 0.07678979492187499,
 0.025659423828124917,
 0.07408178710937496,
 -0.026329345703125007,
 -0.050276367187500004,
 0.020666015625000034,
 0.042349853515625036,
 0.06146606445312508,
 -0.051463134765624995,
 0.01840087890625003,
 0.004349853515625057,
 0.027386230468750106,
 -0.06706005859375,
 -0.07606176757812502,
 -0.05147509765625002,
 -0.053317138671875,
 -0.02717895507812497,
 -0.02594506835937499,
 -0.030772949218749956,
 0.0045808105468749805,
 0.053875244140624945,
 0.01828833007812497,
 0.031343017578124965,
 -0.021416259765625,
 -0.011288574218749958,
 -0.008870117187499915,
 -0.04981762695312503,
 -0.017327148437499995,
 0.025792236328124885,
 -0.02894750976562499,
 0.028953857421875062,
 -0.011241699218750012,
 0.04212377929687494,
 0.026615234374999963,
 -0.00842089843749999,
 0.02773388671874999,
 0.03637377929687502,
 0.08339990234375005,
 0.054655029296875046,
 0.031188964843750222,
 -0.010423583984374929,
 -0.0564169921875,
 0.003613769531250033,
 0.04071533203125011,
 -0.073343017578125,
 0.09010913085937489,
 0.05179565429687505,
 0.009469726562499947,
 0.05318920898437496,
 0.010858642578125022,
 -0.017144042968749995,
 0.012479248046875113,
 0.0018742675781249774,
 0.07173168945312491,
 0.05386791992187501,
 -0.037503173828125,
 -0.0012187500000000462,
 -0.0016467285156249734,
 -0.03800146484375001,
 -0.0013286132812500018,
 -0.02139819335937504,
 -0.0020217285156249876,
 0.013447021484375099,
 -0.09047900390624997,
 -0.07794116210937502,
 -0.029280517578124998,
 0.03596313476562507,
 0.07917944335937499,
 -0.07174291992187501,
 -0.01910058593750001,
 -0.03424291992187499,
 -0.008146728515625007,
 -0.012238037109374988,
 0.05401928710937487,
 0.024510742187500045,
 0.008818847656250017,
 -0.02508862304687498,
 0.016947998046875024,
 -0.06985888671874999,
 0.012921142578124989,
 0.04447680664062503,
 0.022343994140624934,
 0.0009758300781249618,
 0.032143798828125014,
 -0.008277832031249988,
 0.01656249999999998,
 -0.046439697265624996,
 -0.07880297851562504,
 -0.03487036132812499,
 -0.03197973632812501,
 -0.0072299804687499525,
 -0.009479980468749982,
 0.009539062500000028,
 -0.0307236328125,
 0.014563964843749944,
 0.010409667968750091,
 -0.07227319335937504,
 0.04173095703125007,
 0.052217041015625076,
 -0.041921630859375,
 -0.03469042968750001,
 -0.09715551757812502,
 0.008163818359374964,
 0.03571215820312501,
 -0.016028808593749985,
 0.04507373046875007,
 0.04942480468749999,
 0.07973974609375001,
 0.04047631835937493,
 0.044916748046874955,
 -0.08621801757812494,
 -0.035129150390624975,
 -0.023505371093750005,
 -0.005195800781249982,
 -0.009916503906249985,
 -0.06288183593749999,
 -0.003075195312500001,
 0.0026831054687500022,
 0.009712646484374976,
 -0.007642578124999966,
 -0.0068723144531249725,
 0.04921166992187509,
 -0.049274902343749996,
 0.070601318359375,
 0.023968994140625033,
 0.053844726562499945,
 0.015232910156250057,
 0.05829101562499994,
 0.01780126953124994,
 0.014112548828125016,
 0.021022705078125092,
 0.09881005859374992,
 0.01246972656250006,
 0.025264648437500092,
 0.05613549804687501,
 -0.05728564453125,
 -0.03385693359375001,
 0.07005249023437499,
 0.019705078124999886,
 -0.006394042968749986,
 0.016505859374999987,
 0.08554638671874992,
 0.028231689453125042,
 -0.009947753906250023,
 0.01919506835937501,
 -0.02141723632812499,
 -0.02276928710937509,
 -0.03033837890625002,
 0.016307373046874962,
 -0.058956298828125,
 -0.046710693359375,
 -0.050899658203125,
 0.0775283203124999,
 0.014025146484374973,
 0.026595214843750048,
 -0.053557373046874995,
 0.03656250000000005,
 -0.03620263671875,
 0.02509936523437506,
 -0.0014506835937498908,
 0.005458496093749959,
 -0.0637333984375,
 -0.03303076171875,
 -0.05828222656250001,
 -0.052621826171875,
 -0.004773437499999977,
 -0.010918212890625001,
 -0.04426416015625001,
 -0.031045898437499983,
 -0.015277343750000005,
 -0.028999023437499993,
 0.01333447265625004,
 0.015579589843749964,
 0.0010952148437500808,
 -0.004028076171874978,
 -0.03392919921875,
 -0.032207763671875,
 0.011737548828125,
 0.06444775390625002,
 -0.040387939453124994,
 -0.017160400390624997,
 0.03000195312499998,
 0.008768554687499985,
 -0.022401367187499993,
 0.07234082031249989,
 -0.05317407226562502,
 -0.018214843750000015,
 0.015685058593750023,
 0.09405810546874993,
 0.024868164062499976,
 0.05568701171875012,
 0.03686328124999999,
 -0.028210937500000005,
 0.02096411132812498,
 0.0051328125000000835,
 0.009630126953124929,
 0.0051179199218749916,
 0.04823193359375,
 0.012594238281250059,
 0.09248974609374994,
 -0.003565917968749943,
 -0.06318896484375001,
 0.04597045898437491,
 -0.07679785156249996,
 0.017488525390624954,
 -0.008328369140624986,
 -0.020999755859374997,
 -0.025859130859375024,
 -0.10773266601562492,
 -0.011330322265624998,
 0.008942382812500038,
 -0.008300048828124962,
 0.0016950683593750515,
 0.0014956054687500497,
 0.04754052734375003,
 0.017257080078124987,
 -0.08937744140624998,
 -0.016637695312500034,
 0.022015136718749995,
 0.03186596679687492,
 0.011458984375000036,
 0.029692382812499973,
 -0.047197021484375004,
 0.06104907226562506,
 -0.027798339843749978,
 -0.041330566406250005,
 -0.08437475585937498,
 0.03284130859375001,
 -0.04863769531249998,
 0.026678955078125066,
 -0.04986303710937501,
 -0.01586791992187503,
 -0.02187622070312495,
 -0.006091064453124989,
 -0.0061281738281250275,
 0.008201171875000024,
 0.02106054687499992,
 -0.006571777343749918,
 0.006629638671875049,
 0.034940673828125046,
 0.03752001953124995,
 0.024968749999999873,
 0.07288403320312486,
 -0.0256376953125,
 -0.002687255859375015,
 -0.05229687499999999,
 -0.031586669921875005,
 0.04939501953125003,
 0.056801757812499964,
 -0.006277099609375031,
 -0.003430908203125027,
 -0.010207763671875036,
 -0.030120361328124998,
 0.01042065429687511,
 -0.05530395507812502,
 0.012683593750000055,
 -0.010566162109374999,
 -0.02297827148437498,
 -0.011491210937499996,
 0.02475830078125002,
 0.030990234375000036,
 -0.0973718261718749,
 0.034544677734375084,
 -0.078387939453125,
 0.020198486328124987,
 -0.004834228515624928,
 0.06001171875,
 -0.008319091796874956,
 0.010353515625000032,
 -0.013079345703125023,
 0.031220214843750038,
 0.038942138671875015,
 0.0938366699218749,
 0.05529003906249996,
 0.004388671874999972,
 -0.058447998046875005,
 0.0078049316406250124,
 0.014125244140625048,
 -0.03188085937499999,
 -0.03411230468750001,
 -0.014593749999999989,
 -0.02890966796874997,
 0.021177001953124996,
 -0.1000832519531249,
 -0.05352050781250001,
 -0.019035156249999963,
 0.00844677734374999,
 -0.007636230468749977,
 -0.004687744140624894,
 -0.030357666015625007,
 -0.011599853515624925,
 0.014538085937500056,
 -0.012491455078124991,
 -0.06026049804687501,
 -0.09264550781250003,
 0.08601904296874996,
 -0.031290283203125,
 -0.0792666015625,
 -0.040388671875000004,
 -0.074724853515625,
 -0.01324414062500004,
 0.0025468749999999485,
 -0.00709204101562505,
 0.016633789062500015,
 -0.038229980468749994,
 -0.021652099609375017,
 0.04864013671874989,
 0.061219970703124904,
 0.033387695312500076,
 0.009159667968749993,
 -0.07243359375,
 -0.003825439453124968,
 -0.007347900390624995,
 -0.01624487304687494,
 -0.014764648437500028,
 0.016849365234374997,
 0.024891357421874982,
 -0.007385009765625006,
 0.017333251953124962,
 -0.00023583984374997424,
 -0.060840820312500016,
 0.03510766601562498,
 0.0076738281250000595,
 0.015105224609375023,
 0.027314453125000027,
 0.01648315429687497,
 0.05884033203124983,
 0.028845214843750022,
 0.065643310546875,
 0.06673266601562511,
 -0.08756079101562503,
 -0.05240380859375001,
 -0.01808959960937495,
 -0.027027343750000002,
 -0.044794189453124966,
 -0.0003706054687499516,
 0.04599243164062494,
 0.03398339843749998,
 0.04888842773437496,
 -0.005397705078125009,
 0.08084033203124996,
 -0.035893310546875,
 0.02817504882812505,
 0.07867529296874998,
 -0.005413818359374989,
 0.02202368164062507,
 0.0030083007812500284,
 0.11100463867187516,
 -0.043506591796874994,
 -0.0722822265625,
 0.0804487304687499,
 0.0150080566406251,
 0.06918481445312497,
 -0.010039062499999973,
 0.01012524414062499,
 -0.016226562499999986,
 -0.06057421874999999,
 -0.065738037109375,
 -0.04271337890625001,
 0.02169433593750003,
 0.045554443359374974,
 0.04442041015624998,
 0.03012500000000007,
 -0.03003979492187503,
 -0.02405126953124992,
 0.011852294921875006,
 0.04531860351562489,
 0.026939453125000012,
 0.060996582031250024,
 -0.058565429687500004,
 -0.007882568359375008,
 0.010398437500000024,
 0.062281005859375016,
 0.07580664062499998,
 -0.07288525390625002,
 -0.009010253906249988,
 0.014831298828125006,
 -0.09246972656249997,
 -0.08643701171874998,
 0.02582934570312506,
 0.030421386718749943,
 -0.05995654296875,
 -0.030955078125000007,
 -0.012197753906249997,
 -0.00950732421874989,
 0.061952392578125015,
 -0.050432373046875,
 0.05081884765625,
 -0.050379638671875004,
 -0.0227197265625,
 0.05531372070312501,
 0.011455078125000018,
 -0.04057153320312501,
 -0.03282397460937497,
 -0.007437500000000041,
 0.007353515625000029,
 0.04988842773437496,
 -0.029879882812500008,
 0.061952392578124904,
 0.0354750976562499,
 -0.07245043945312502,
 0.01001660156250006,
 -0.042278076171875005,
 -0.0015090332031250098,
 0.01407885742187498,
 0.052247558593750076,
 -0.031658447265625,
 0.009375732421875005,
 -0.06534423828125001,
 0.02065014648437502,
 0.03640454101562496,
 -0.066179931640625,
 -0.03817700195312501,
 0.062251220703125054,
 -0.009635253906249974,
 -0.025072753906249995,
 0.037297363281249996,
 -0.009578124999999937,
 -0.05726318359375003,
 0.01002514648437497,
 0.04399414062500001,
 -0.004576660156249995,
 -0.041038085937499996,
 -0.004820800781250023,
 -0.05713671875000001,
 0.029763183593749964,
 -0.00942456054687496,
 -0.04155615234375,
 0.010960937500000045,
 -0.01348339843749996,
 0.009328613281249953,
 -0.042858154296875006,
 0.026355224609375005,
 0.019807128906250027,
 -0.06880053710937498,
 -0.03580859375,
 -0.009149658203124855,
 0.04965502929687504,
 -0.07921533203124997,
 0.02706005859374999,
 0.0006669921874999929,
 0.012447265625000037,
 -0.09725292968749993,
 -0.01250952148437498,
 0.032523193359375036,
 -0.018181640624999995,
 0.07985766601562505,
 0.04677099609375002,
 0.016881591796874984,
 -0.03918994140624999,
 -0.020962158203124914,
 0.012792968750000022,
 0.06747192382812506,
 -0.007136962890624987,
 0.0011481933593750493,
 -0.029275146484374986,
 -0.07414672851562498,
 -0.0028969726562499964,
 -0.004611816406250024,
 -0.024019531250000004,
 -0.057976318359375015,
 -0.04816357421874998,
 0.0007883300781250657,
 -0.027747558593750006,
 -0.019700195312500002,
 0.021810791015624997,
 0.07310693359374987,
 -0.03323315429687501,
 -0.05213891601562498,
 0.00772119140625005,
 -0.04197558593749999,
 0.06462548828125003,
 0.021147705078125023,
 0.005468750000000022,
 -0.05535668945312501,
 -0.025564453124999997,
 -0.06966308593750001,
 0.00329956054687508,
 0.05189282226562497,
 -0.008023925781249941,
 0.002767578125000003,
 -0.09185107421875,
 -0.0024687500000000195,
 -0.018913330078125012,
 -0.08881713867187496,
 -0.045030029296874996,
 -0.06230639648437497,
 -0.07599877929687501,
 0.014228515625000049,
 -0.059498046875000016,
 0.07876831054687494,
 0.008737060546875064,
 0.04066992187500007,
 0.03178295898437511,
 0.06619140625000008,
 0.014114746093749964,
 -0.00223291015624999,
 0.029462402343750083,
 0.010707519531250043,
 0.030700927734374994,
 0.011770996093749986,
 -0.022799316406249992,
 -0.045371093749999994,
 -0.036187500000000004,
 0.020583007812499998,
 -0.10864599609374997,
 0.017890380859374944,
 0.029729980468750028,
 -0.0034016113281249982,
 -0.024711914062500007,
 -0.025028076171874997,
 0.018173828124999958,
 0.06975781250000002,
 -0.005484130859374936,
 -0.0018437499999999774,
 -0.03737304687500001,
 -0.016907226562499933,
 0.06499243164062507,
 0.07084033203124995,
 0.017136230468750013,
 -0.013896728515625012,
 -0.020261230468749947,
 -0.027695068359375005,
 0.004310791015624982,
 0.029911376953124957,
 0.022843261718750063,
 -0.0018176269531249845,
 0.01549951171874997,
 -0.038070556640625,
 -0.05415380859374999,
 0.052932617187499975,
 -0.009813232421875012,
 -0.03590966796875,
 0.03915747070312503,
 0.019688232421874896,
 0.05879785156250006,
 0.012666259765625021,
 0.011635498046874915,
 -0.01036743164062498,
 -0.0033486328125000298,
 -0.02519677734374999,
 0.0037956542968750617,
 0.03173217773437509,
 -0.013971191406250028,
 0.030902587890625055,
 -0.003599365234374985,
 -0.035207763671874975,
 -0.00832788085937497,
 -0.020617431640625017,
 -0.0536240234375,
 -0.08312426757812497,
 -0.04222534179687498,
 0.007897949218749978,
 -0.010143554687499945,
 0.06772460937499991,
 0.01633886718749994,
 0.006019531250000015,
 0.060232421875,
 0.015881835937500033,
 -0.038048583984374995,
 -0.041871093750000005,
 0.04349389648437496,
 0.0744035644531249,
 0.04700708007812504,
 0.0012727050781249916,
 0.025708740234375083,
 0.07849267578125008,
 -0.05494604492187502,
 -0.030853271484375,
 0.0029729003906249774,
 0.06232592773437495,
 -0.08662280273437495,
 -0.005267578125000005,
 0.031895996093750045,
 0.020201660156250023,
 -0.048748291015624994,
 0.004065429687500011,
 0.014693115234374998,
 0.055845214843749935,
 -0.08198925781250005,
 0.013568115234375011,
 -0.0419482421875,
 0.038620361328125075,
 -0.027748046875,
 0.0725522460937501,
 0.03889038085937513,
 -0.0506298828125,
 0.011966796875000019,
 0.07046655273437497,
 -0.02501025390625001,
 0.06477807617187503,
 0.05346582031250002,
 -0.027656005859375,
 -0.07968310546874996,
 0.011979492187500052,
 0.06759106445312502,
 0.03248022460937505,
 -0.0009997558593749512,
 -0.06484643554687497,
 -0.021498046874999982,
 -0.074980224609375,
 -0.008354003906250018,
 0.012897949218750038,
 -0.01612280273437494,
 0.03827319335937496,
 0.017068115234375014,
 0.012822998046874978,
 0.04324829101562511,
 0.00833447265624998,
 0.020938232421875036,
 0.0354853515625001,
 -0.02889062499999999,
 -0.014065185546874998,
 -0.04628955078125,
 0.013520019531250038,
 0.05338452148437489,
 0.013828125000000024,
 -0.0535712890625,
 -0.03926782226562499,
 -0.05762622070312498,
 0.01640502929687504,
 0.011068847656249992,
 -0.05499462890625001,
 -0.019325927734374915,
 0.0024196777343749865,
 0.0627304687500001,
 0.007829101562500052,
 -0.004018066406249909,
 -0.04613452148437499,
 -0.02149633789062494,
 0.011652343750000016,
 0.06470043945312509,
 0.03116259765625007,
 0.057751220703124995,
 0.007945312500000024,
 0.03322363281249996,
 -0.057262939453124995,
 0.005089843749999934,
 -0.003067626953124958,
 -0.031826904296875014,
 0.014758056640624906,
 0.06668310546875,
 0.029743652343749982,
 -0.010055175781250036,
 0.10011523437500003,
 -0.009882324218749905,
 -0.054770263671875014,
 0.04660131835937498,
 -0.006710937499999958,
 0.04976269531249988,
 -0.0014902343750000657,
 0.008274169921875019,
 -0.011703857421874964,
 0.09781640624999965,
 -0.04437866210937501,
 -0.037917480468750014,
 -0.029122070312499998,
 -0.06031811523437497,
 0.04087280273437499,
 0.01443139648437497,
 -0.010401855468749999,
 0.009763916015624985,
 0.013510498046875097,
 0.01986206054687506,
 0.005527587890625019,
 -0.0021250000000000158,
 -0.016051025390625,
 -0.0598173828125