-0.021949462890625007,
 -0.05614477539062496,
 0.03490380859374986,
 -0.011666259765624964,
 0.007094726562500042,
 -0.030634521484374982,
 0.03351757812500006,
 0.039813232421874956,
 -0.03560131835937501,
 -0.028494140625,
 0.05048291015624995,
 -0.021245361328125045,
 0.008221435546874989,
 -0.0030651855468750155,
 0.015812988281249996,
 0.012594482421874886,
 0.010515625000000028,
 0.011337158203124975,
 0.06239892578125006,
 0.01485351562499998,
 -0.019146728515624996,
 -0.007622558593750009,
 -0.020441162109374966,
 0.005647216796875076,
 0.022812500000000013,
 0.013195312499999945,
 -0.019468017578124996,
 -0.056136718749999925,
 -0.015811035156250014,
 -0.022057861328124997,
 -0.008837646484374989,
 0.054671142578125,
 0.005159179687499904,
 0.00938989257812517,
 -0.025924804687500004,
 0.008025146484375023,
 0.01438256835937507,
 0.013360595703124922,
 0.022383789062500048,
 -0.0001193847656250635,
 -0.005936767578124946,
 0.029381103515625062,
 0.04909155273437493,
 0.03635864257812493,
 0.01514672851562493,
 0.011707763671874982,
 -0.009163330078124976,
 -0.012448974609374996,
 0.04783081054687488,
 0.05807836914062503,
 0.03047363281249993,
 -0.020328613281249963,
 0.023615234375000016,
 0.005875488281249952,
 0.007552001953124998,
 -0.013754882812500036,
 -0.005736328125000023,
 0.048952392578125004,
 0.018665283203124994,
 0.002531738281250029,
 -0.030745849609374994,
 0.029721923828124996,
 0.0025642089843749827,
 -0.016558105468749973,
 0.0019614257812500258,
 -0.04312377929687501,
 -0.00036303710937501954,
 0.05742065429687493,
 -0.012822998046874923,
 0.03601464843750002,
 -0.023929443359374997,
 0.03242285156250002,
 -0.02180200195312504,
 -0.018771972656249997,
 -0.06603759765624995,
 -0.04825512695312495,
 0.016547607421875,
 0.032610839843749906,
 0.01845996093750002,
 -0.006146728515624977,
 -0.02152880859375,
 -0.0026435546874999938,
 -0.0015490722656249512,
 0.0064584960937499325,
 -0.029742187500000003,
 -0.001786621093749996,
 0.019318359374999983,
 -0.010816406249999966,
 -0.042761962890625005,
 0.023896484375000027,
 0.049077148437499885,
 -0.001458496093749928,
 0.03989648437499993,
 0.02490893554687501,
 0.05332055664062496,
 0.024724853515625034,
 0.00254638671874996,
 0.03291601562500013,
 -0.01048608398437495,
 -0.01063403320312499,
 0.034869628906250116,
 -0.014508544921874977,
 -0.046316894531249986,
 0.00648681640625004,
 0.014168701171874964,
 -0.018915039062500003,
 0.031200927734374995,
 0.017714111328125004,
 0.004853759765624965,
 -0.0028405761718749423,
 -0.007399902343749987,
 -0.045127441406249996,
 0.034001464843749996,
 0.049833007812499885,
 -0.014778076171874988,
 -0.05906054687499995,
 -0.004562988281249958,
 -0.016143554687500006,
 -0.026156005859375026,
 0.05700976562499993,
 0.016879394531249925,
 -0.007460693359374937,
 0.025280029296875117,
 0.032346679687500046,
 -0.040122314453125,
 -0.0033542480468749525,
 -0.03896777343749999,
 0.0382783203125,
 -0.019605224609375,
 -0.05893554687499991,
 0.013867431640625039,
 0.008080810546874984,
 0.02672851562500006,
 -0.011785400390625034,
 0.004275390624999986,
 -0.017705078124999996,
 -0.021683349609374986,
 -0.006377441406249962,
 -0.023208251953125036,
 -0.0038068847656249627,
 0.016419189453124983,
 0.01818823242187506,
 -0.032193359375000036,
 0.01592211914062497,
 0.009983398437499985,
 0.05484301757812493,
 0.05821142578124994,
 0.031268554687500005,
 0.025070068359374975,
 -0.024559570312499997,
 -0.028242187499999988,
 -0.03643554687499999,
 0.0031533203124999853,
 0.019606933593749987,
 -0.0062233886718749964,
 -0.029157470703124994,
 0.005444091796875106,
 0.01442822265624999,
 0.017973632812499973,
 -0.031181640625000007,
 0.002051025390624961,
 0.008607666015625015,
 0.001616455078125023,
 0.02045727539062503,
 0.017619384765624968,
 0.01615673828124997,
 -0.022456542968749993,
 -0.011501220703125002,
 0.04010961914062505,
 -0.057043212890625083,
 0.05252099609374994,
 -0.033100585937499996,
 -0.010355957031250002,
 -0.0007536621093750528,
 0.015497558593750016,
 0.049203125000000125,
 0.009868652343750006,
 -0.007456054687500019,
 -0.01173510742187489,
 -0.048480957031249994,
 0.03361352539062501,
 -0.012925292968749974,
 0.02315624999999999,
 0.016060791015624964,
 0.024253662109375185,
 -0.03374658203125,
 0.017041259765624983,
 0.061288330078125064,
 -0.053025878906249935,
 -0.04656372070312498,
 0.014500488281249946,
 0.007584472656249952,
 -0.030393554687500005,
 0.004443603515625005,
 -0.034157470703125,
 0.019964599609375022,
 0.012842773437499955,
 -0.02004028320312501,
 0.03108715820312513,
 0.018762695312500022,
 0.013389892578125007,
 0.039037841796875083,
 -0.009102294921874976,
 -0.019351074218750004,
 -0.04973999023437492,
 -0.01543017578125,
 -0.017721435546874997,
 -0.00046948242187494493,
 -0.027858886718750003,
 0.03330151367187495,
 0.00797363281250002,
 0.0023259277343751217,
 -0.012519531249999993,
 -0.05278588867187495,
 -0.029180175781250012,
 -0.007840820312499885,
 0.03630834960937501,
 -0.008046142578125026,
 0.009946044921875008,
 -0.027869628906250027,
 0.016252929687500084,
 0.0005051269531249902,
 0.02062939453125001,
 0.015399658203124944,
 0.022044433593749968,
 0.00819580078125004,
 -0.01407177734374998,
 -0.018637939453125002,
 -0.04613354492187499,
 0.0031713867187500577,
 0.030894775390625018,
 -0.05604443359374994,
 0.028880615234374907,
 0.010001953124999963,
 -0.009896972656250003,
 -0.06390771484375002,
 0.04527392578125,
 0.01588281250000001,
 0.023046142578124984,
 0.02829028320312499,
 0.05129296874999989,
 -0.03638598632812501,
 0.007845947265624986,
 -0.010395019531249938,
 0.003230957031249926,
 0.025133789062500078,
 -0.010033935546874928,
 0.0129633789062501,
 -0.005519775390624981,
 -0.0026323242187500373,
 0.050126220703125,
 0.010186767578124922,
 -0.026396728515624995,
 0.02023632812499998,
 -0.022732910156250008,
 -0.018192626953124957,
 -0.04559863281250004,
 -0.005129394531249998,
 -0.002084228515624953,
 0.005468261718750034,
 0.012797851562500018,
 0.02167822265625008,
 -0.0037072753906249867,
 -0.0075993652343749885,
 -0.06136767578125005,
 -0.031786621093749995,
 -0.006739746093749943,
 0.024002929687499952,
 0.008081787109375016,
 0.04419287109375014,
 -0.0015639648437499876,
 0.0217453613281251,
 0.059896972656249936,
 -0.034544921874999995,
 0.017908935546875004,
 0.0002136230468749445,
 0.019850341796875004,
 -0.03420703124999999,
 0.0069301757812500475,
 -0.013499023437500007,
 -0.042328857421875005,
 -0.004031982421875,
 -0.03737768554687499,
 -0.015720214843750024,
 -0.05184619140624999,
 -0.021134033203125006,
 -0.04819750976562498,
 0.02496875000000004,
 -0.009993896484374987,
 0.003955566406250055,
 -0.028697509765624962,
 -0.033154785156250005,
 -4.394531250001554e-05,
 -0.019861816406249996,
 -0.009998779296874982,
 0.0315415039062501,
 -0.001947509765624994,
 -0.06060009765625002,
 -0.0211005859375,
 -0.028405517578124984,
 -0.014076660156249976,
 -0.021165527343749962,
 0.024575195312499964,
 -0.053983886718750006,
 0.006216064453125003,
 -0.03419165039062501,
 0.03363085937499999,
 0.024754882812499934,
 0.03540722656249995,
 -0.008646728515624924,
 -0.005929443359375064,
 0.03249365234375001,
 -0.0026064453125000386,
 0.014395019531250108,
 -0.000368896484374992,
 -0.03576123046874999,
 -0.00830566406249994,
 -0.01678149414062502,
 -0.013310058593750007,
 0.04184594726562518,
 -0.0016257324218749702,
 0.015195068359375064,
 -0.04234252929687496,
 0.04111083984374997,
 -0.008984130859374995,
 -0.030370849609374997,
 -0.04027514648437498,
 -0.02631542968749999,
 0.007208496093749961,
 -0.020133544921874996,
 -0.023447998046875,
 0.0017382812500000844,
 0.050817138671874984,
 0.03385131835937516,
 -0.03738842773437501,
 0.02791625976562495,
 0.005677001953124983,
 0.0003059082031249827,
 0.05536254882812508,
 -0.009944580078125001,
 0.006141357421875021,
 0.004372558593749992,
 -0.009552490234374988,
 0.06889038085937482,
 0.011901611328125006,
 0.056798583984374984,
 0.006814208984375014,
 -0.040802734375000003,
 0.019479492187500003,
 -0.03968872070312499,
 -0.01850048828125006,
 -0.03744921875000001,
 -0.024443847656250017,
 0.017000488281250004,
 0.019089355468750124,
 0.023101806640625,
 -0.016340820312500004,
 0.022995849609374952,
 0.0033898925781249423,
 -0.05161938476562497,
 0.013990234375000021,
 0.042461914062500106,
 0.0245895996093749,
 0.015079589843750019,
 0.023587890624999996,
 -0.026903320312500006,
 0.029169189453124966,
 0.011766845703125028,
 -0.006939941406250011,
 -0.018645751953124956,
 0.004218749999999993,
 0.011369140625000052,
 -0.04132104492187501,
 0.048060546875000054,
 0.02010302734375008,
 0.017495117187499964,
 -0.017952392578125004,
 -0.02022045898437501,
 -0.018654296874999976,
 0.020467773437499948,
 -0.025746826171875,
 0.004719970703124993,
 0.03529492187500005,
 0.042095703124999995,
 -0.0013383789062500484,
 0.0166325683593751,
 -0.036406982421875,
 -0.015941650390625,
 -0.020799560546874984,
 0.01777514648437495,
 -0.03473291015625002,
 -0.014616699218750029,
 0.002119140624999988,
 0.007321289062500014,
 0.03427172851562488,
 0.01929077148437508,
 -0.0031286621093751243,
 -0.03687670898437502,
 -0.012878173828125006,
 -0.03860791015624998,
 0.0024719238281250555,
 0.007100585937499959,
 0.05210424804687497,
 -0.01735693359374999,
 -0.019522460937499993,
 0.021010253906249998,
 0.0008698730468750804,
 0.054715576171874836,
 0.013238769531250028,
 -0.010338378906250029,
 0.03286450195312485,
 -0.004043945312500019,
 0.00768701171874997,
 -0.012739257812500016,
 0.00531372070312508,
 0.035011718749999976,
 0.010314208984375073,
 0.032815185546875014,
 -0.001393554687500076,
 -0.030252197265624975,
 0.006136962890625042,
 -0.04630395507812501,
 -0.01679248046875001,
 -0.010494140624999995,
 0.01724389648437502,
 0.002765869140625002,
 0.01849145507812494,
 0.03007666015624999,
 -0.010467529296875,
 0.046601806640624965,
 -0.020875976562500006,
 -0.024903320312500005,
 0.01911987304687507,
 0.022563476562500018,
 -0.005797119140625001,
 -0.019483154296875,
 -0.04736035156250007,
 0.005197265625000003,
 -0.010721191406250025,
 0.003075439453124995,
 0.03143334960937505,
 -0.04533447265625001,
 -0.004623535156249997,
 0.05132983398437496,
 0.021794677734375045,
 0.004712646484374972,
 0.033195068359375246,
 -0.025724609375,
 0.027592773437500107,
 -0.027329589843749974,
 0.045492919921874875,
 -0.00865332031249999,
 0.05123583984375002,
 -0.02322119140625,
 0.017927978515624887,
 0.03117187499999996,
 0.05443066406250008,
 -0.02312817382812496,
 0.06252441406249998,
 -0.042704589843749974,
 0.008520263671875028,
 0.012193603515624984,
 0.05607421875000007,
 -0.017774658203125,
 0.028749755859375004,
 0.011606201171874997,
 0.0018671874999999782,
 0.001940917968750011,
 -0.022412353515624983,
 0.0005266113281249818,
 -0.009902832031249975,
 0.038443359374999986,
 0.018692626953124902,
 -0.0005349121093750075,
 0.04056127929687492,
 -0.018700195312500004,
 -0.021878173828125014,
 0.020407470703124986,
 0.012607666015624908,
 -0.051717041015624965,
 -0.026624755859375,
 0.009383789062500036,
 0.03335278320312507,
 0.0566259765624999,
 0.04138598632812496,
 0.04140747070312478,
 0.04686181640624998,
 0.046480224609374954,
 -0.026061767578124978,
 0.04233837890625003,
 0.02908007812499991,
 0.044388183593749964,
 -0.058052734375,
 0.013938476562499913,
 0.006268066406249995,
 0.006049072265625011,
 -0.01576806640624999,
 0.012851806640625019,
 0.005373046875000065,
 -0.00327050781249999,
 0.03325122070312503,
 -0.005661621093750013,
 0.03866674804687498,
 0.0007285156249999813,
 -0.022945556640624948,
 -0.022518798828125006,
 -0.01224414062500001,
 0.031604492187500055,
 -0.026921142578125,
 -0.013885498046874944,
 -0.0385830078125,
 0.015668945312500016,
 0.023568115234374964,
 0.010451416015625048,
 -0.0022744140625000075,
 -0.05550537109375003,
 -0.0020324707031249972,
 0.010869628906249984,
 0.031400878906250096,
 0.003916015624999991,
 0.0001105957031250493,
 0.03568139648437485,
 0.0485437011718749,
 -0.021990478515624995,
 -0.026521972656249997,
 -0.019949707031249986,
 -0.020687744140625,
 0.0037058105468749936,
 -0.003696289062499969,
 -0.010010742187500032,
 -0.03709033203124999,
 -0.004863525390624901,
 -0.013060302734374918,
 -0.0006293945312499938,
 0.02725195312500006,
 0.012001953124999964,
 0.010447753906250024,
 -0.0006118164062499654,
 0.02622802734375007,
 -0.02194921874999997,
 -0.011252441406250036,
 0.03150122070312489,
 0.03104663085937509,
 -0.02503808593750001,
 0.029915283203124976,
 0.024338134765625075,
 -0.0038581542968749716,
 -0.02692724609375,
 0.03888183593749994,
 -0.003932861328125037,
 0.03710278320312499,
 0.0018425292968750062,
 -0.020779785156249952,
 0.029184814453124985,
 -0.037161621093750014,
 0.02840209960937501,
 0.009817871093749986,
 -0.05459667968749998,
 -0.03331005859375,
 0.013697509765625004,
 0.023296386718750006,
 0.026534423828124987,
 0.029495117187499975,
 0.009040283203125055,
 -0.04615698242187502,
 -0.010576171874999984,
 0.026049072265624973,
 -0.025776611328124997,
 -0.017572265625,
 -0.03836596679687501,
 0.01732373046875002,
 0.009458984374999924,
 -0.01773706054687496,
 0.058374999999999844,
 0.005821533203125007,
 -0.02595166015625,
 0.044706054687499996,
 0.032922607421874917,
 0.03444189453125002,
 -0.007718017578125014,
 0.011963134765624994,
 0.022693115234375005,
 0.045513427734374945,
 0.0020761718750000047,
 0.03424438476562508,
 0.01995849609375,
 -0.00019165039062501998,
 0.033785156250000004,
 -0.04071044921875,
 0.035466064453124946,
 -0.015010009765625026,
 0.05019775390624992,
 -0.027825195312499995,
 -0.0041000976562500235,
 -0.0033154296874999267,
 -0.052342529296874885,
 0.018705810546875035,
 0.005032470703125014,
 -0.02693774414062501,
 -0.0005524902343749805,
 0.042468017578124906,
 0.02944531249999982,
 -0.05642089843749998,
 -0.010021972656249989,
 0.005297363281249967,
 0.008913818359374992,
 0.03186376953124992,
 0.04827197265624994,
 0.030638183593750035,
 -0.014071289062499992,
 -0.048560302734375005,
 0.038482666015625,
 0.008781982421874945,
 -0.004941406249999947,
 0.028077880859375015,
 0.06267553710937523,
 0.04594287109374995,
 -0.009497314453124961,
 0.003910156249999991,
 -0.015656005859375002,
 -0.012336669921874932,
 -0.023516601562500017,
 0.021055419921874985,
 -0.004872558593749909,
 0.040152099609374825,
 0.06408837890625008,
 0.036104492187500004,
 -0.023797119140625003,
 0.016591796874999953,
 -0.0070002441406250004,
 -0.014031494140625017,
 0.04100756835937491,
 0.035436279296875095,
 0.005673583984375008,
 -0.029084472656250006,
 -0.056740478515624915,
 0.0041025390625000074,
 0.009677734374999969,
 0.012311035156250011,
 -0.014514160156250011,
 -0.0064562988281249845,
 -0.011482177734374988,
 -0.015292968749999969,
 -0.0006030273437500344,
 0.023090087890625055,
 -0.009498779296874926,
 -0.014893066406249988,
 -0.026779296875000025,
 -0.03967089843749999,
 0.011692382812499957,
 -0.04939990234375001,
 -0.02385620117187498,
 -0.04211010742187501,
 0.018309326171874973,
 0.02880493164062503,
 0.03815942382812498,
 -0.017604980468749976,
 0.042817138671874866,
 0.04416503906249991,
 -0.03896679687500001,
 0.06018969726562484,
 0.03325805664062509,
 0.02963281250000016,
 -0.024993896484375014,
 0.025334960937499984,
 -0.011053222656250028,
 0.010156005859374984,
 -0.002621337890624992,
 -0.0009541015625000315,
 0.042288818359375036,
 -0.012370361328124996,
 0.023783447265625035,
 -0.01971044921874998,
 0.0019855957031250093,
 -0.02161572265624999,
 0.04149340820312497,
 0.005599121093750048,
 0.003893554687499967,
 0.010848388671874931,
 0.03080957031250009,
 0.048600341796875,
 0.05006787109374988,
 0.017170410156249982,
 0.035419677734375044,
 0.014768554687499935,
 -0.020166748046875016,
 -0.013966552734374998,
 0.020123291015625044,
 -0.015708740234374963,
 0.028719238281250115,
 0.009247802734374977,
 0.018969238281250023,
 -0.004233154296875208,
 0.008073974609375034,
 -0.016002441406250068,
 -0.009451904296875008,
 0.009221679687499984,
 -0.0012653808593749427,
 -0.02765380859375,
 -0.0011499023437500089,
 0.05634008789062506,
 -0.00449951171874996,
 -0.017606689453125005,
 -0.04796484374999996,
 -0.007328124999999991,
 0.045666259765624995,
 -0.020812744140625006,
 0.04480053710937493,
 -0.06647387695312501,
 0.013963623046874929,
 -0.017941650390625008,
 0.003222167968750078,
 -0.0006735839843750036,
 -0.011667480468749991,
 -0.024110595703125015,
 -0.01773510742187498,
 0.018400390624999985,
 -0.00854687500000001,
 -0.005826171875000036,
 0.041817382812499915,
 0.01586425781250006,
 -0.01795922851562501,
 0.042586181640624776,
 -0.01111499023437501,
 0.014086914062500011,
 -0.01798999023437499,
 -0.022083251953124994,
 -0.006662353515624997,
 -0.025027099609374992,
 0.03949291992187498,
 -0.018005615234374994,
 0.02210424804687494,
 0.017791992187499994,
 -0.003333496093749999,
 -0.008902832031249974,
 0.0034726562500000113,
 0.016915283203124964,
 -0.02598315429687501,
 -0.021249755859374997,
 0.04449072265624998,
 -0.008786621093749947,
 -0.004503906250000078,
 0.017919433593749978,
 -0.00277197265625001,
 -0.022862548828124996,
 0.02830029296875003,
 -0.009806640625000002,
 -0.009204589843749944,
 0.015869140625,
 -0.013199951171875002,
 -0.0037946777343749183,
 0.0053481445312499876,
 0.04524072265625001,
 -0.04743188476562501,
 0.06020214843750016,
 0.0008747558593750204,
 0.013639892578125035,
 0.013235595703125047,
 -0.036524414062499996,
 0.017009521484375012,
 -0.019612548828124993,
 -0.0025786132812500306,
 0.035400878906250044,
 0.02745239257812504,
 -0.018108154296875068,
 -0.06007885742187502,
 -0.025401367187499982,
 0.054655517578124924,
 -0.06270190429687494,
 0.012131347656250013,
 -0.0073134765624999765,
 -0.018530273437499994,
 0.01457714843749991,
 0.011075195312500008,
 -0.00020361328124995914,
 0.044967285156249925,
 -0.037783203125,
 -0.01927099609375,
 -0.00791308593749998,
 0.0239558105468749,
 -0.01224853515624999,
 0.001223388671874992,
 0.026267578125000024,
 -0.024569580078125004,
 -0.0031550292968750004,
 -0.015766357421874988,
 0.003038574218750034,
 0.041193359374999905,
 -0.044317871093750016,
 0.018540283203125063,
 -0.033976074218749985,
 -0.009227783203125006,
 0.03161523437500002,
 -0.02495214843750001,
 0.004520751953124957,
 -0.03237695312500001,
 -0.021572021484375006,
 0.04413940429687502,
 0.015029541015625036,
 -0.026937499999999996,
 -0.015969482421875,
 0.025004882812499907,
 0.0057934570312500044,
 -0.011907958984375022,
 -0.0118403320312499,
 0.013954345703125037,
 0.024131103515624974,
 0.04075537109375005,
 -0.0044506835937500044,
 -0.022942382812499995,
 -0.0008269042968749307,
 -0.0064467773437499876,
 -0.05763330078124995,
 0.010598876953125003,
 0.0056650390625000435,
 -0.029419433593749995,
 -0.03673999023437499,
 -0.04950976562499998,
 -0.025441650390624987,
 0.0287033691406251,
 -0.009846435546874921,
 0.05332055664062507,
 -0.05747851562499995,
 -0.043790771484374935,
 0.04680737304687499,
 0.02660205078125011,
 0.013808593749999987,
 0.04108691406249998,
 -0.04963378906249999,
 0.018795654296874964,
 0.0011921386718750093,
 0.01957177734374993,
 -0.01976171874999999,
 -0.0019106445312500053,
 0.028285156249999943,
 -0.04235937500000002,
 -0.00382324218750002,
 0.03966992187500007,
 -0.001996337890624922,
 0.03601000976562496,
 0.011329833984375037,
 -0.045462890625,
 -0.009276855468749994,
 0.01991894531249999,
 0.043356445312499936,
 0.011019287109375053,
 -0.007858886718750013,
 -0.05705688476562501,
 -0.051069824218749976,
 0.02550952148437491,
 -0.027908447265624997,
 -0.04970825195312502,
 -0.010876708984374983,
 -0.0230498046875,
 -0.010639892578125032,
 -0.021845947265625006,
 -0.03427270507812501,
 0.0029140625000000364,
 -0.019223388671874952,
 -0.0025861816406249905,
 -0.030179443359374995,
 -0.009740722656250006,
 -0.01713574218749997,
 0.01383276367187497,
 -0.014074462890624972,
 0.0010974121093749734,
 0.04156567382812515,
 -0.019268310546875,
 0.007581298828125027,
 0.015407714843750031,
 -0.012034179687499999,
 -0.02903051757812497,
 0.02903588867187501,
 -0.023076171874999996,
 -0.0246552734375,
 -0.020819335937499933,
 0.019649414062500092,
 -0.04648803710937502,
 0.017287353515624992,
 0.026682128906250102,
 0.008100585937499988,
 0.00048168945312498934,
 -0.04199365234375,
 0.034036376953125,
 0.02985937500000002,
 -0.0059948730468750155,
 -0.02580615234375,
 0.008186523437500037,
 -0.049356201171875,
 -0.02376806640625,
 0.019516357421874853,
 -0.003969238281250009,
 0.02228100585937509,
 -0.011749755859375002,
 -0.04032788085937501,
 0.017854492187500015,
 -0.020043945312500006,
 0.009781249999999964,
 -0.013276855468750015,
 -0.011862792968749994,
 0.030352783203124956,
 0.0033864746093749676,
 0.0022944335937499782,
 -0.010429199218749963,
 -0.024587158203124987,
 0.028675781250000032,
 -0.012499999999999956,
 0.030736328124999934,
 0.012962646484374951,
 0.022506103515624987,
 -0.020929687499999988,
 -0.053462646484375015,
 -0.05227514648437501,
 -0.012226318359374988,
 -0.0321669921875,
 0.0018754882812499485,
 0.017056152343749964,
 -0.0052817382812500036,
 -0.038993164062500016,
 0.016933593749999976,
 -0.03252343750000001,
 0.05129980468749973,
 -0.009695556640624936,
 -0.002695312499999991,
 0.0027053222656249765,
 0.013675048828125091,
 0.04254467773437498,
 0.04834667968749995,
 -0.016561767578125025,
 -0.004047851562499982,
 -0.005663574218749995,
 0.0006179199218750431,
 -0.030685302734375,
 0.013656250000000147,
 -0.00045117187499993383,
 -0.027880859374999997,
 -0.004120117187499939,
 0.0002397460937499929,
 -0.00933837890625,
 -0.03248388671875002,
 0.05161865234374985,
 0.043547119140625035,
 0.011231689453124971,
 0.05906396484374987,
 0.02529565429687486,
 0.0036103515624998916,
 -0.04824438476562504,
 0.013896240234374968,
 -0.01266650390625,
 0.02638769531249996,
 0.008979736328124988,
 -0.012114501953125023,
 0.020069824218750032,
 -0.006787353515624983,
 -0.022394531250000002,
 0.02519750976562496,
 -0.015520507812499973,
 0.0320053710937499,
 -0.004918701171874984,
 -0.02020141601562503,
 0.007567382812500023,
 0.0029133300781249982,
 0.03932934570312496,
 0.029392822265625007,
 0.004519287109374992,
 -0.01809326171875003,
 -0.009552734375000038,
 0.045042236328124985,
 0.00013037109374997025,
 0.000845947265625091,
 0.009118896484375028,
 0.02611401367187499,
 0.05189697265624993,
 -0.0025107421874999702,
 -0.018711425781250002,
 0.01280224609374997,
 0.03711694335937499,
 -0.03348852539062497,
 -0.03227880859375004,
 -0.0010620117187500056,
 0.032197753906250126,
 0.019713378906249912,
 -0.027004638671875004,
 -0.05185205078124999,
 0.000832275390624998,
 -0.01660693359374993,
 -0.008990234375000017,
 -0.00032910156249998934,
 -0.049684814453125004,
 0.03681005859374997,
 0.0016213378906250187,
 0.0255361328125,
 -0.034225097656250036,
 0.010514160156249952,
 0.010776855468750068,
 -0.042553466796874995,
 -0.023516113281249997,
 0.027738769531250096,
 0.007609130859375035,
 -0.0030708007812499383