0.05804785853794647,
 0.049680050744519866,
 0.050915711567078414,
 0.05711500412734516,
 0.05288426112732769,
 0.05565326504550128,
 0.04337625081082086,
 0.05615605838389026,
 0.04205078756963543,
 0.05145919742041549,
 0.04572911302270932,
 0.05048049125899645,
 0.04935555817880055,
 0.058510384756561784,
 0.05405729566115314,
 0.053736201478354895,
 0.04703298545529977,
 0.059602657406612414,
 0.050328156598176355,
 0.04637615726829569,
 0.04585061538938495,
 0.0626771495584777,
 0.05360117229233441,
 0.055008591245993665,
 0.05385863285900894,
 0.05241087978861447,
 0.050701734799488696,
 0.0502660339877139,
 0.0580122616789196,
 0.057088268610729465,
 0.0563518239898122,
 0.05353399737198572,
 0.04735128795358268,
 0.05223346938434825,
 0.04908586705131346,
 0.05402790271844293,
 0.054925113574576745,
 0.050100953251392744,
 0.06345653626077108,
 0.05529442488828362,
 0.048871273859604214,
 0.04793875814398296,
 0.05630537159461246,
 0.05072670033959081,
 0.05731790579636176,
 0.053121784557673246,
 0.06360895885798223,
 0.06259282655820742,
 0.05412062707807164,
 0.056397357604808906,
 0.05078813419335071,
 0.057291042993554475,
 0.059436388323895084,
 0.06438316789005283,
 0.0474918950082035,
 0.05427878027117172,
 0.04894001974587936,
 0.053547494085775194,
 0.048994124408577644,
 0.053082159089174574,
 0.05188712573054355,
 0.04666621672056226,
 0.04990165282308845,
 0.04860008948841976,
 0.04326065872061946,
 0.05575638038319486,
 0.05721567430507846,
 0.05418120391435832,
 0.04986469681246386,
 0.05668761697287095,
 0.05080595089047257,
 0.049789482956128284,
 0.04967808594942391,
 0.055561911320016755,
 0.043419796197725846,
 0.06278707837301578,
 0.04959162546979923,
 0.055986021264976316,
 0.05362372408949567,
 0.05624662108182599,
 0.056732853696867425,
 0.0576130561278998,
 0.056026420881145844,
 0.049566937278216594,
 0.06094616296789135,
 0.05502070342309584,
 0.05533883010435736,
 0.05376128573574834,
 0.0645367708571809,
 0.05356474132421396,
 0.05272070726904032,
 0.05031728885264042,
 0.04649324423030343,
 0.051981929837740415,
 0.051328558312347505,
 0.051794183073870625,
 0.0458641433594702,
 0.061674203547103845,
 0.05661028794881329,
 0.05186861281139321,
 0.04289462181156534,
 0.05242472606998527,
 0.054647856510893655,
 0.0629465966975733,
 0.05589945066868873,
 0.055791012494609715,
 0.050906329233917136,
 0.06094781978546604,
 0.052273274063816544,
 0.055273934367463085,
 0.05298130473042573,
 0.052383586600785126,
 0.04692380994114376,
 0.05759943528693556,
 0.05215730317317213,
 0.04275346059647789,
 0.05387838959001079,
 0.05338628984947369,
 0.05813101164243761,
 0.05212598380711775,
 0.04632379503634376,
 0.05767154953878606,
 0.055438919533157716,
 0.0460239671569751,
 0.043872326257726746,
 0.05883464209401734,
 0.05639450203659191,
 0.03514253347021912,
 0.04520973149480256,
 0.05922129095265949,
 0.05321576838417674,
 0.058322253224206255,
 0.05075892254988901,
 0.048902396691850036,
 0.05719847562517155,
 0.051073001802884876,
 0.04715773231217568,
 0.05867403691143913,
 0.05327589848876624,
 0.05110257465950907,
 0.05896144599215902,
 0.05515089917925353,
 0.06341721593835836,
 0.04974525294041898,
 0.05903100329574951,
 0.05797350737370266,
 0.05989461775745952,
 0.054394489779782784,
 0.049275966725331966,
 0.059262065537611486,
 0.04716976233401993,
 0.04779231818528684,
 0.04965088391426287,
 0.05109351372910931,
 0.06329142574547841,
 0.05333635843314011,
 0.06612334628262362,
 0.051749445324663634,
 0.05839935786454209,
 0.04660884966089229,
 0.052848902887477234,
 0.04145216572706811,
 0.049070676475217345,
 0.04937570096890642,
 0.05420580309447498,
 0.046365331566163626,
 0.056729291807367854,
 0.047939641581291825,
 0.056359295458275005,
 0.06530627034455505,
 0.061675276809973756,
 0.0497053820636828,
 0.05917945778722178,
 0.05055031890310202,
 0.05941481775602897,
 0.06260924330118645,
 0.053647810127156026,
 0.052405744906135476,
 0.05269711299984747,
 0.0498432956420749,
 0.0605230587392207,
 0.059654838515434294,
 0.042033494281105366,
 0.056994333731589464,
 0.057783483275622105,
 0.0593017017108326,
 0.0668059896827109,
 0.050808299171531734,
 0.04494089629452391,
 0.04980004340277766,
 0.045094961044814585,
 0.04201825902959566,
 0.05820546767685464,
 0.0639740380638758,
 0.04810476434914879,
 0.04905278618408482,
 0.056265090811965734,
 0.04492071389354235,
 0.06154769017332473,
 0.05534786533881486,
 0.06040092684008669,
 0.05176030226332573,
 0.05974183609133643,
 0.057816599469610486,
 0.05277720022906118,
 0.052104600396348344,
 0.05948869840554405,
 0.051980685644650304,
 0.056236765187102966,
 0.05454222458170821,
 0.061539773038956636,
 0.0515495111225579,
 0.048415870452247045,
 0.05210046653482059,
 0.05458603652749172,
 0.046731310334630516,
 0.05489915328811823,
 0.04561262351029205,
 0.05433436677255021,
 0.050768369689121906,
 0.058187617628681965,
 0.0562545005341879,
 0.06149688326423042,
 0.04155902783739718,
 0.04941577196138658,
 0.05232068529885936,
 0.06619301131810862,
 0.04708883916647588,
 0.056157862282032234,
 0.05771783643287698,
 0.05616603738866521,
 0.05215567258804543,
 0.05213596194387238,
 0.05214399431948258,
 0.04298756537447335,
 0.052644543173840264,
 0.04768890641693346,
 0.054019329081292033,
 0.05811596691611354,
 0.049460453093997936,
 0.04922063551682676,
 0.05071936980120584,
 0.05594750237284396,
 0.043552627226214335,
 0.047010205733936106,
 0.05628803778911684,
 0.05008308197878497,
 0.057970959904895425,
 0.05081704167143619,
 0.04242208652892221,
 0.05818553426399942,
 0.048459901676015216,
 0.05765814860989793,
 0.05822201598085108,
 0.05642889474349455,
 0.0512752224392361,
 0.05425772132356599,
 0.05061617695455589,
 0.051731338057558585,
 0.04560632303352041,
 0.04299783278245206,
 0.05436067362541985,
 0.0649676662887142,
 0.052887155394717444,
 0.0501653518844436,
 0.03843696277138631,
 0.05477642430966845,
 0.051491817264766704,
 0.046178894974632456,
 0.05680636405153017,
 0.045057370840695166,
 0.047564908492432334,
 0.05543785843063209,
 0.05373565377222622,
 0.05914014917916299,
 0.05455117879082705,
 0.04155158301747197,
 0.05904089911485655,
 0.0472009319077189,
 0.053892791979071264,
 0.05022510624141496,
 0.058640698907022726,
 0.047905226517189536,
 0.05567353795835217,
 0.04766327000444592,
 0.07100974451980291,
 0.060888398520966724,
 0.06453439234918723,
 0.06233003299326523,
 0.06348824776973094,
 0.04180248293013111,
 0.0519738590949943,
 0.0602287663841643,
 0.05368477766807822,
 0.05163899728651811,
 0.04921679562314951,
 0.0544228388636101,
 0.055630246608859846,
 0.053801055054799374,
 0.056442947704422375,
 0.05205789286668194,
 0.05695528009019046,
 0.054304149079002606,
 0.04404304900724321,
 0.06316150333145076,
 0.052866251776652495,
 0.0453280843645536,
 0.054577378865709125,
 0.045794376478556,
 0.05452803849254051,
 0.04944581193004072,
 0.05502533213856453,
 0.053142143030570965,
 0.046559756420919474,
 0.03980813378787018,
 0.0536915185862894,
 0.06138175735939422,
 0.048354673571254114,
 0.05325767619386479,
 0.06258586470495642,
 0.044942423805705234,
 0.041522938129578746,
 0.053202372724931335,
 0.05176247851061655,
 0.062414088315113414,
 0.04987190475957659,
 0.04541174152453453,
 0.0548643984117414,
 0.053698772326539634,
 0.0583771980705825,
 0.055657752224988366,
 0.04573991839323854,
 0.05069023109594384,
 0.052331968769078197,
 0.05131076925461686,
 0.048878645563026346,
 0.044139314271882446,
 0.05204518464890007,
 0.0536489335326924,
 0.05355766547905194,
 0.05059368535087083,
 0.061355037941659196,
 0.051089801599225604,
 0.05115232389438207,
 0.059462085279939014,
 0.05886920952339825,
 0.044720784028254634,
 0.05675604646005028,
 0.061637117781307316,
 0.04875195676177113,
 0.055447786160237156,
 0.05246548710078991,
 0.05386096635569326,
 0.05095003064426895,
 0.054969084642571,
 0.047276432053189765,
 0.055579372174049624,
 0.061691247901404345,
 0.05134447657919328,
 0.05548523286067231,
 0.043907172809227735,
 0.06468437804057925,
 0.05330184403239113,
 0.056832332028865284,
 0.04349121725713512,
 0.051846666332798996,
 0.04679280485681869,
 0.060637856781009525,
 0.054492901380303715,
 0.05217326686984891,
 0.056935255098634174,
 0.054989566580338156,
 0.06219307886666292,
 0.055810276621165444,
 0.05172827309409356,
 0.05327764905992427,
 0.05593082038404318,
 0.04361885737417959,
 0.053169705251995936,
 0.05022510594433105,
 0.054606644023294404,
 0.052824617840926624,
 0.046759729197668465,
 0.045839720219017055,
 0.056911808708471234,
 0.05439073396739347,
 0.04707855556986407,
 0.05879859859107883,
 0.04743050992804765,
 0.05039879770356959,
 0.04755460051558669,
 0.054254347730177566,
 0.05192263401203867,
 0.05240524210378461,
 0.04427003831129794,
 0.055848921643172345,
 0.05629298806662075,
 0.054597097677712814,
 0.05544946932949846,
 0.05088375168126147,
 0.05339000382755277,
 0.05037642417849009,
 0.05201872782165751,
 0.0550258954803875,
 0.047490372976754625,
 0.05238857553037257,
 0.055416489895737664,
 0.042557609973576715,
 0.05134973845056856,
 0.046656923041151765,
 0.044222953690189915,
 0.047415627563625495,
 0.058115469691983224,
 0.05017011098710311,
 0.056896795289129276,
 0.0572059600122099,
 0.05919098557692326,
 0.05811757748699664,
 0.06297640419169381,
 0.06138290032980609,
 0.05561474424555479,
 0.04588060974940866,
 0.05323109719598973,
 0.05456999461042411,
 0.05489265336443072,
 0.05263677163223068,
 0.05670965211004253,
 0.04974583035237323,
 0.054218742905315365,
 0.0460994344522665,
 0.05649157920530001,
 0.05293336675198801,
 0.05328963865995129,
 0.06211132454784818,
 0.04799295301457174,
 0.05577704523002458,
 0.05128975795345703,
 0.05509293297847995,
 0.05532103064133276,
 0.056398090235376674,
 0.061990447748361266,
 0.0439734180641409,
 0.05848465783348589,
 0.06107673108194889,
 0.04745876605264132,
 0.05016684780197722,
 0.05423965994400537,
 0.05098020797561831,
 0.0470052987966425,
 0.06084095254788635,
 0.059424985631772564,
 0.05533460735246987,
 0.05882989700186969,
 0.04656880192832347,
 0.049941057954631995,
 0.050608314970619794,
 0.05331243426180521,
 0.050047611237503675,
 0.05412210370332904,
 0.06072551528874759,
 0.049177608622752,
 0.05411953625801269,
 0.055488916254101905,
 0.06266228566068999,
 0.05227463551524947,
 0.0589416482443339,
 0.052035634096615935,
 0.05276131590306399,
 0.05454346195043458,
 0.050536210198222076,
 0.05347994904943154,
 0.051093729550613975,
 0.050316225268206116,
 0.06189041543851115,
 0.051860513418581444,
 0.04293676346440023,
 0.0485802306793508,
 0.04772331458597301,
 0.04343904568738566,
 0.05825369531726943,
 0.05584639828487514,
 0.055850885650004845,
 0.05518804441958136,
 0.053002809554811625,
 0.05289415536466602,
 0.04507378871670853,
 0.06402692520191922,
 0.06406938881973079,
 0.05601645030858893,
 0.04445110498225735,
 0.05221143722953436,
 0.043886293315060554,
 0.037412670093578404,
 0.05271715733268456,
 0.05174040064344121,
 0.050948893348405244,
 0.05373760349893142,
 0.06706332800312342,
 0.053676515818166015,
 0.05350384675730213,
 0.05063971372052434,
 0.058571012429410985,
 0.04346909735406301,
 0.05246840550800824,
 0.04805208130628036,
 0.05711322109422712,
 0.05820288694053333,
 0.055491757228232075,
 0.051701910616510194,
 0.05003873076807497,
 0.055761804065075804,
 0.06001648046111785,
 0.04891785793143755,
 0.05723420782776234,
 0.043715331047412986,
 0.050709443800556864,
 0.053533340726114265,
 0.05132839981844928,
 0.052496649856371924,
 0.05765662428933904,
 0.05207521782149627,
 0.04822671749903651,
 0.048336950434653136,
 0.05744306062318749,
 0.05258979283520304,
 0.04915233647645767,
 0.06131028803644756,
 0.050624523463732585,
 0.046259026256640245,
 0.05219914555849492,
 0.05983572382478641,
 0.06721239441536442,
 0.0562182076673452,
 0.043511921693757394,
 0.05731851498111262,
 0.04924377199948493,
 0.05366014739546743,
 0.04259631976638811,
 0.06258506579066614,
 0.048506700615202236,
 0.04698226926102267,
 0.054681995432372954,
 0.05847510194883232,
 0.05025384301611724,
 0.059473207489125546,
 0.05012096960766721,
 0.053773031493246526,
 0.05437524634653568,
 0.05179435686383904,
 0.04528063641449087,
 0.043203196385276144,
 0.06244922059842106,
 0.05441909006791845,
 0.050274937076174586,
 0.05410579367464141,
 0.06141530609689827,
 0.04475015065771881,
 0.05971048755389585,
 0.048502532087053574,
 0.05428720462830294,
 0.05218480467557618,
 0.050805496899661406,
 0.045872918693719456,
 0.046641255550032845,
 0.050828792794662236,
 0.056270200296665296,
 0.05598623704555061,
 0.0534272742340125,
 0.043686161787431343,
 0.04316844600169789,
 0.05357231343959845,
 0.04778880816324693,
 0.05149307201045494,
 0.06283915938120033,
 0.05539946772633253,
 0.043370574049431454,
 0.059774914327209494,
 0.054899264906858924,
 0.04519099374475366,
 0.043140211361988756,
 0.04550801609956867,
 0.05225903368007834,
 0.05465928497500783,
 0.06064379215158977,
 0.055828894624255776,
 0.051034644538404006,
 0.05117452519268917,
 0.04816493937919719,
 0.04674407474578346,
 0.05949944779916261,
 0.0579274300116297,
 0.05609568088703809,
 0.049689945996928664,
 0.05169977750114474,
 0.05158169331692086,
 0.040025264709249164,
 0.0583150791266025,
 0.047755311944281065,
 0.05263578535180091,
 0.03954840381515212,
 0.05240284628023861,
 0.05431379940046921,
 0.05655706481560974,
 0.049833757287548464,
 0.05830307766235521,
 0.05512457431891016,
 0.053428523501658276,
 0.0489551469637719,
 0.05019595269097232,
 0.055871668180994316,
 0.05956941135578808,
 0.054549830595205684,
 0.05004296195258129,
 0.05651602474673778,
 0.05335982995411692,
 0.05991451161143546,
 0.052727484570550986,
 0.053106283545858,
 0.0540491230015645,
 0.05108882563291761,
 0.050925658926274986,
 0.0541954745349611,
 0.05085986697764033,
 0.05479691935668485,
 0.048142156506155276,
 0.05733723236941035,
 0.051600243651687805,
 0.04852182223700785,
 0.06128699095680945,
 0.0442595726972681,
 0.0587052727816888,
 0.05529697366977637,
 0.06019146027159161,
 0.05187083255828351,
 0.06246030637114619,
 0.049395339745974765,
 0.05387684002737725,
 0.05194674201506011,
 0.04997347756410275,
 0.049845088346171185,
 0.0496715294471155,
 0.05470295842395467,
 0.05274113581730755,
 0.06075852709573404,
 0.05064984367845682,
 0.05178119696224526,
 0.04876304712540058,
 0.06033738606770833,
 0.0626009490780488,
 0.05271805525745954,
 0.061537643836959255,
 0.04915702022506374,
 0.04606242645073633,
 0.05961232632926983,
 0.06347262757316474,
 0.05648904634319685,
 0.06095399772298382,
 0.05894781731901211,
 0.058581182212969374,
 0.04728093449519233,
 0.0458094247344476,
 0.05739196506076372,
 0.04432978553785949,
 0.052138588944692366,
 0.06479611220585113,
 0.0574515951713217,
 0.05336244926406075,
 0.0630830706588108,
 0.06386504484556244,
 0.04800984605130121,
 0.05104329850379674,
 0.06209486148075016,
 0.04682224779885935,
 0.04827476325215585,
 0.06101885754586789,
 0.0501063341823107,
 0.05997781921312195,
 0.0574264518841181,
 0.06021901316147238,
 0.06373201204303891,
 0.05111748685474593,
 0.04997736862020519,
 0.055006227583180634,
 0.052833128660618955,
 0.06184810297666732,
 0.061641161572802305,
 0.06357818587120345,
 0.05529662054525364,
 0.060188548165159395,
 0.058103871015052544,
 0.042578264926263154,
 0.06577338187528614,
 0.04953471166962364,
 0.05352657490079338,
 0.058200621254264506,
 0.05982507374895052,
 0.04992024320210442,
 0.058399530618036266,
 0.05284737320309674,
 0.0570714923589859,
 0.05237768769316631,
 0.04888339295253341,
 0.05564590814469095,
 0.04824302753453136,
 0.055403763873889345,
 0.05013300783635066,
 0.05839328285037482,
 0.04733312336861961,
 0.05153937752785387,
 0.06448573165150084,
 0.06183520555507882,
 0.06272079921307361,
 0.055964532022759306,
 0.062456853584783145,
 0.05724950945322038,
 0.05040490253097718,
 0.05030858105110991,
 0.05066067070727498,
 0.05528277757080757,
 0.054016600429596995,
 0.05343768394769266,
 0.05367374835451022,
 0.05687650163328861,
 0.057127168171455134,
 0.047542868398632976,
 0.058602900295234184,
 0.051000436651022385,
 0.061438193430918275,
 0.04692374029519408,
 0.049713490692250506,
 0.057270856090773536,
 0.04926660493139656,
 0.05379484407194357,
 0.050230469465430305,
 0.06872843740460888,
 0.05007954926792979,
 0.058089318624084285,
 0.046486978808951473,
 0.05319330577079384,
 0.060889935563568365,
 0.054177011015243304,
 0.055986724950396916,
 0.05489039004073182,
 0.04935906456282413,
 0.05268007615756631,
 0.051678443187671785,
 0.046532337215735575,
 0.052517985085660746,
 0.055881361189808354,
 0.06161520331339676,
 0.05766458702529831,
 0.05134523702209237,
 0.05503591436775013,
 0.04747605904381058,
 0.06427489113534035,
 0.05550148729311988,
 0.04616606582436655,
 0.05823940179286846,
 0.0485531114068225,
 0.03716186076238892,
 0.051820749711169345,
 0.059825544919490214,
 0.0451915268000227,
 0.04660488370678806,
 0.058533531030601216,
 0.05987935610198303,
 0.05595471601338309,
 0.050368017399267107,
 0.056441163301758746,
 0.053388178048487056,
 0.0561687348608364,
 0.05323254695608215,
 0.06035792136465945,
 0.05186616374314057,
 0.04798394073374568,
 0.05148069500486474,
 0.05657484924040612,
 0.050722175004674686,
 0.052382713234031764,
 0.06196078175563269,
 0.05546447530334242,
 0.0468828695923551,
 0.054016629643143466,
 0.05316676041936974,
 0.042775018183855984,
 0.06368367834964461,
 0.0447723760397587,
 0.05945991580576537,
 0.05691442975427341,
 0.06205930936131332,
 0.0611123727726266,
 0.06089286829164764,
 0.05864136809371168,
 0.06072412458189902,
 0.05377024807955055,
 0.06349743530124385,
 0.04271508437266269,
 0.06416673421522079,
 0.05009564279036949,
 0.0457868108252113,
 0.0583313531412164,
 0.05569312042124541,
 0.04221086979413102,
 0.05940696447649585,
 0.05454653784206531,
 0.05352424068986572,
 0.05631797101552949,
 0.06092145438654195,
 0.05171429161658625,
 0.05676338713369988,
 0.0456373023441794,
 0.06408752426501452,
 0.045202953245922606,
 0.06061909347196992,
 0.0538232685391864,
 0.05492366977640395,
 0.040427398182329544,
 0.06112848963102824,
 0.05212649167239025,
 0.059374149845638824,
 0.05473826452477204,
 0.0504822930379083,
 0.04146765074118597,
 0.04864954666921961,
 0.06445393528455057,
 0.06170276805984809,
 0.05104813001816444,
 0.06244136350303364,
 0.05574674872653396,
 0.0566380273318261,
 0.059018537723766196,
 0.054421930840199195,
 0.05697868553065644,
 0.06069843188914814,
 0.0575073737623053,
 0.0445530665135645,
 0.06096212123922107,
 0.04562123969780196,
 0.055323474463904176,
 0.0462099947415866,
 0.06426448726712253,
 0.04844973535382846,
 0.046828798041151476,
 0.043368171753376705,
 0.0507172044914721,
 0.057068748271043024,
 0.04967188591031335,
 0.050948391283514916,
 0.052325313641250926,
 0.050535608819349154,
 0.052362117900545346,
 0.05575190566811683,
 0.04426258728250909,
 0.053528176928323346,
 0.04874929500630598,
 0.05583412567250434,
 0.057538698867907634,
 0.048309310341044354,
 0.050438130055708186,
 0.0496794354300214,
 0.03978571357028393,
 0.05948303614700379,
 0.05384939653445486,
 0.0541861597755946,
 0.05795620164882864,
 0.05676303172510355,
 0.04285210495190772,
 0.05221476624503962,
 0.0467655340211004,
 0.05216805931156521,
 0.0486454599026227,
 0.05488335747910966,
 0.04783668900234894,
 0.06123985670367049,
 0.05492611187883534,
 0.058630288839019995,
 0.044804535888373964,
 0.05698917589571861,
 0.055408913368532264,
 0.051448058642393324,
 0.055041271272130654,
 0.03884599237305775,
 0.049054418197000293,
 0.06002081277213489,
 0.05157963563129586,
 0.04994047124208234,
 0.05259849116979498,
 0.05214943641970016,
 0.05629726413451985,
 0.054165706201351194,
 0.05612496324027472,
 0.06181391786382018,
 0.054012596463865914,
 0.050367810832058435,
 0.05725628528695115,
 0.05369587804773368,
 0.056349312769478965,
 0.0475756069830775,
 0.056043103744352285,
 0.03420735074929415,
 0.06166547952331247,
 0.05686465638570981,
 0.04726818589771731,
 0.05797776230914664,
 0.06324480882915506,
 0.051573055139230384,
 0.04810005157060804,
 0.06029347670558605,
 0.057103262301896995,
 0.05581623571826544,
 0.052798621842566895,
 0.0615750021462913,
 0.057803797067951246,
 0.06268350390386512,
 0.05621692528062616,
 0.05002900038871716,
 0.053590748352125406,
 0.04564966693840411,
 0.05111512835911758,
 0.05848057765776682,
 0.04284598047351973,
 0.05781978743370342,
 0.0554042231856684,
 0.05883007734995016,
 0.06008697296626986,
 0.0488464950468368,
 0.0507101421202496,
 0.053296192062061154,
 0.051254431469854866,
 0.044517719422504376,
 0.053374927801148386,
 0.05048378697582789,
 0.055241463007478675,
 0.05309500779079612,
 0.05074400844923321,
 0.06086687926090817,
 0.05141639694940481,
 0.05825715346936078,
 0.053512921207421904,
 0.05765125498416501,
 0.049033582438856804,
 0.05960552342080683,
 0.04951358244619941,
 0.05356287654122527,
 0.061961528756182105,
 0.059721858417875584,
 0.050148797957684677,
 0.05135403347737322,
 0.05947457500033382,
 0.05717609002573032,
 0.05165781762725152,
 0.058456885719532226,
 0.05519304488371857,
 0.05718672149248327,
 0.057863447527949474,
 0.053358962772326324,
 0.05052923754665173,
 0.05968385917467933,
 0.05879518127814021,
 0.05436958532461467,
 0.06519613923945,
 0.05371908291361405,
 0.06540853067288621,
 0.05127914973481418,
 0.05651219689598608,
 0.062079974315297104,
 0.0609718183021406,
 0.054603445623511604,
 0.05221949106771473,
 0.043747447642418225,
 0.05904110014553643,
 0.051110689424507694,
 0.04799817917000504,
 0.04901568194328876,
 0.05063999667324848,
 0.05744079455700546,
 0.0586962544237446,
 0.04441449652115259,
 0.05140299004142368,
 0.05266102454403265,
 0.05742528468066932,
 0.057868314422123035,
 0.058970814553285233,
 0.056382361003796344,
 0.0505164190458427,
 0.0555652062372638,
 0.053913107996604426,
 0.05059349775116395,
 0.04982336655315178,
 0.04830976765205253,
 0.04816980549832106,
 0.04501161686078681,
 0.046095737882993815,
 0.054216133372920305,
 0.055586547627963334,
 0.05535049525669633,
 0.048732117511629536,
 0.06115633627951733,
 0.0442865028688757,
 0.04763533564417344