0.0029830166361417554,
 0.010254007960355693,
 0.013944728052980082,
 0.009078715408940008,
 0.020465559359260643,
 0.008750697246546757,
 0.008845845734126723,
 0.006411828210851622,
 0.019402552655677585,
 0.010025925707322081,
 0.017562505067631795,
 0.009164420199257561,
 0.014876182333484644,
 0.01650012655720512,
 0.004168340610546384,
 0.008461096881582808,
 0.020300679301167524,
 0.01647433953849964,
 0.009922249647054127,
 0.014587432809161083,
 0.008508792401175302,
 0.01171665873731298,
 0.006451945314884799,
 0.006044530415331151,
 0.01671933241996726,
 0.02244085956461217,
 0.003858443753625318,
 0.013650658255589754,
 0.0015238950773619475,
 0.003391406965430388,
 0.009219783319978747,
 0.016528628535940726,
 0.014550305131066699,
 0.016081083841289034,
 0.007756233664339307,
 0.00963849128844263,
 0.010678868888047255,
 0.014372771460285927,
 0.007696136258489972,
 0.010089253507467921,
 0.014646355359050567,
 0.011342571686126401,
 0.010848942295768493,
 0.01377711138560489,
 0.0063921108893276735,
 0.016177517897683957,
 0.007654872498378262,
 0.010577979153628236,
 0.010852032776251574,
 0.0036900682759080095,
 0.008815289224664236,
 0.010653591401003526,
 0.010507989262702022,
 0.011460226123702677,
 0.014119903393047695,
 0.010012442883794215,
 0.006952397645757058,
 0.006202342378758052,
 0.007088683500743986,
 0.015175614614335364,
 0.014094696458479383,
 0.009738143946981914,
 0.0032317347394370532,
 0.02069070649944682,
 0.013978613996680433,
 0.023834897204574768,
 0.0077001518501031985,
 0.009649802421970222,
 0.011416459847661153,
 0.011345894264155998,
 0.01292545811393464,
 0.006817751795730409,
 0.015445940826751547,
 0.009098298348786615,
 0.018068173005379995,
 0.01639818438558982,
 0.018669795259278477,
 0.010906314925309246,
 0.00911633542239021,
 0.009717984191373041,
 0.007393282432989423,
 0.021535072087222717,
 0.007602026635473713,
 0.024426025867636758,
 0.009887423985519783,
 0.00027231969961460933,
 0.008847182635073114,
 0.012445836369567198,
 0.021606809272538108,
 0.024304395187060956,
 0.008307960176759055,
 0.00464755662631644,
 0.01849653093759529,
 0.0183815061240844,
 0.019152615971268272,
 0.008712861769307079,
 -0.0009069117135036553,
 0.020351839218540224,
 0.010589967698317437,
 0.00914296885134025,
 0.014705273139403952,
 0.015350852077609778,
 0.011311279177636635,
 0.00946112606874494,
 0.005271218592605598,
 0.0035130660246869283,
 0.011182429744734268,
 0.006651774883561501,
 0.01108188488486328,
 0.01186924670050904,
 0.010179239347371416,
 0.009625353167644679,
 0.010701817670176972,
 0.014772792897206788,
 0.007924223936870423,
 0.020092642454117016,
 0.005628252763945962,
 0.019111645120287735,
 0.010658600248492522,
 0.016878859150831982,
 0.017811107057005504,
 0.01214007411858975,
 0.006919845959217907,
 0.007873851129240883,
 0.011678625313873647,
 0.00892459280086233,
 0.005726157586022129,
 0.016929419153979497,
 -0.000749252613705842,
 0.020224817957113617,
 0.008865152865600967,
 0.01668451020900763,
 0.007850420017265547,
 0.01945319583625893,
 0.01113383914262811,
 0.010997578628247684,
 0.0066068671779608845,
 0.010642721509176445,
 0.021182637398408755,
 0.007933215244103842,
 0.011762980684836277,
 0.013593160979811003,
 0.009667354448183119,
 0.012306394576560686,
 0.02121764799870296,
 0.009215028390663127,
 0.01288858251672953,
 0.015468781206841031,
 0.014176179674143752,
 0.005883149031856716,
 0.015998923813816512,
 0.014439073827647864,
 0.007609994085775007,
 -0.0015141868689132476,
 0.017581581448245842,
 0.016620335158491484,
 0.004925734389308767,
 0.00899925565428461,
 0.015265986471211024,
 0.014663013142456105,
 0.010257520842872347,
 0.012145413673782857,
 0.01821575002146303,
 0.015508169797866955,
 0.0031183390448528137,
 0.017463588229261973,
 0.0056171781397857945,
 0.014927382621718666,
 0.013176142363495957,
 0.012127556650164184,
 0.018342129430898968,
 0.02063801671960852,
 0.008324932034111887,
 0.0073308583614737355,
 0.01359088243570672,
 0.018715534498054076,
 0.00799513543097552,
 0.007968069738556238,
 0.014119047201713197,
 -0.0020164253662495746,
 0.0064632868542047195,
 0.017930429222470456,
 0.012026990923573067,
 0.015182214280944795,
 0.01772528390663175,
 0.0074050658434450245,
 0.007462350594283906,
 0.012506973180899328,
 0.014163590792887648,
 0.021008677471541448,
 0.014741180654643804,
 0.02140000231294259,
 0.009686201851533793,
 0.02060943212216837,
 0.010753813601762863,
 0.017891502535008375,
 0.007419128880017389,
 0.013200980497367176,
 0.01808126401051191,
 0.014734291722145354,
 0.011430431786095818,
 0.016100882841117325,
 0.00687852713150594,
 0.02081892760559767,
 0.01537956261829887,
 0.014588489722064057,
 0.006384476233401992,
 0.015273346819196565,
 0.014005959892971598,
 0.0062433426816237425,
 0.00698452059008714,
 0.01815037667410735,
 0.01084518527262679,
 0.004224856317727399,
 0.013491441961900774,
 0.013067259326404734,
 0.016290319749694415,
 0.006454436741643921,
 0.006140469710944174,
 0.023613495428318476,
 0.0007416470583185841,
 0.013370413733402087,
 0.0011721444222527744,
 0.013806617609178451,
 0.015686656388316678,
 0.008433678111168241,
 0.011206845893906747,
 0.013565062612084233,
 0.011030512271368309,
 0.02454990825869663,
 0.016562868029323052,
 0.01481911767160815,
 0.01413138116633239,
 0.020411720538575873,
 0.0063492332374657234,
 0.02505391161572823,
 0.022673605626144733,
 0.01537826504550166,
 0.012818686565170934,
 0.01323360621041303,
 0.020255500705891105,
 0.017634665214006473,
 0.004823063627995339,
 0.015380080211672142,
 0.01839078913165837,
 0.01009869117969675,
 0.014514514771252873,
 0.007628371883108276,
 0.01995165157108536,
 0.014342841024115982,
 0.011650028423943581,
 0.010277066163003612,
 0.015296852404323324,
 0.02733186275690347,
 0.007782401642713932,
 0.019413531889117985,
 0.020254641891311653,
 0.012434836631467272,
 0.009261859153216534,
 0.015374027610843832,
 0.007227628084835569,
 0.010212575000953628,
 0.011631419118587338,
 0.014944255332341116,
 0.018101531140300553,
 0.013023229727086916,
 0.011860657505972316,
 0.006069893853975827,
 0.0024362292763662197,
 0.014888872433989508,
 0.020151042620573767,
 0.023311514435000902,
 0.0056946567484161825,
 0.01395092642275264,
 0.020685738073775273,
 0.01387119641426282,
 0.011648730468750257,
 0.017295576136103552,
 0.0060596878815628585,
 0.023087918824881815,
 0.01388066334706961,
 0.014139025221524104,
 0.017934404392266012,
 0.0111464446089935,
 0.011525675068204233,
 0.008490338350885196,
 0.01445830626621647,
 0.019787969367730307,
 0.013906163432921392,
 0.006606939853765592,
 0.004594602196848374,
 0.015302013340392051,
 -0.0010188217489088824,
 0.01690654106093592,
 0.011162342247596158,
 0.007760109031593743,
 0.012893115359590368,
 0.0064031087239584394,
 0.014683605971935965,
 0.015742185442886303,
 0.01570678478422627,
 0.01744738259787093,
 0.01514883837950265,
 0.01332737865534206,
 0.018363831237122152,
 0.013758530255551848,
 0.01893919068128036,
 0.011684604355063133,
 0.01760549110720011,
 0.01332083017351593,
 0.0054255075382516615,
 0.011858817560477908,
 0.015638627995268717,
 0.013562331674445094,
 0.008676479714594176,
 0.022017875035060364,
 0.015416647486814927,
 0.010450019742327843,
 0.010005419385302083,
 0.009652489578563461,
 0.007730096308856238,
 0.01958816896141169,
 0.005916539503258766,
 0.012751758587549622,
 0.010320843408977876,
 0.014179370623950804,
 0.018376432947477817,
 0.0038192366715315007,
 0.0084993787543588,
 0.014385204416270891,
 0.012687571364182526,
 0.021039230745383275,
 0.01795628875248001,
 0.013289839397798486,
 0.01436947139232303,
 0.014283247243207953,
 0.01019965897817432,
 0.0151938943977028,
 0.013503107829670569,
 0.01304886068105815,
 0.009159448212378019,
 0.0072884926000647,
 0.014236998065953355,
 0.014071702283176668,
 0.017143898153712644,
 0.015708530110657426,
 0.013404038008432373,
 0.010907660888373583,
 0.024139232176243697,
 0.012611940473805427,
 0.0035144655630841015,
 0.009566669051435106,
 0.010697821812519104,
 0.013981636868990455,
 0.014060881566133832,
 0.01308395736750212,
 0.007649850176949746,
 0.008692437781402607,
 0.0181213901766637,
 0.0059065113705738526,
 0.009487255442040654,
 0.007888829985118972,
 0.018421704062814737,
 0.011856359460851618,
 0.011464298234317827,
 0.013788133155906879,
 0.01954163943724052,
 0.0005232621599320364,
 0.00874836662200229,
 0.011828561352926537,
 0.01046923735726546,
 0.007474475112561052,
 0.012278008802178997,
 0.013838028285733328,
 0.0060883504082722695,
 0.012987209714114156,
 0.002587696600431899,
 0.015842700335434667,
 0.014387605049030805,
 0.01790192593864437,
 0.008947626335394476,
 0.00568751126940481,
 0.017073564349375125,
 0.012036523270586796,
 0.02291986905238863,
 0.02831350127767629,
 0.00919247122777378,
 0.010761775090144088,
 -0.00047798519297548303,
 0.014009143558264991,
 0.008539347122062058,
 0.013725485121432346,
 0.0005424995468941152,
 0.019027224451980462,
 0.01389544109861518,
 0.0038632752284606386,
 0.008302242993551534,
 0.017227822074843635,
 0.008158780179238878,
 0.007239902653769947,
 0.01612992657299328,
 0.02060799135760094,
 0.008549500331483051,
 0.009555553051548982,
 0.02018318995947288,
 0.017020297475961677,
 0.012920813420520538,
 0.015394224412130342,
 0.013298161045768753,
 0.0035471624241643074,
 0.019509920317936746,
 0.00847282705900887,
 0.007986186887114721,
 0.0036750915750916047,
 0.012027245855273483,
 0.02184574539501294,
 0.016203317570016695,
 0.009127636361034641,
 0.012190803022932073,
 0.01809809832636944,
 0.010488305872729864,
 0.025221839109241362,
 0.017537765603537148,
 0.013302726803361642,
 0.01072653829460446,
 0.012708163616494073,
 0.005784865308303022,
 0.009182414780315229,
 0.018761135495364067,
 0.008685244307558682,
 0.01333371889070123,
 0.008014790688911866,
 0.011102550779103382,
 0.011305414198431674,
 0.009695104275557753,
 0.014487617330586122,
 0.008154228678961983,
 0.00889054600455963,
 0.0157766342815171,
 0.019236955617082607,
 0.02404351062891097,
 0.010745596584404549,
 0.010956373054029411,
 0.014601181728850499,
 0.013415411682501377,
 0.01038693922180256,
 0.012496527920218936,
 0.004644452075702077,
 0.017894474373283176,
 0.015091426222431759,
 0.009698535454345958,
 0.00652566487332118,
 0.005460976789052774,
 0.018107005375266993,
 0.011872093742845369,
 0.016489712442820048,
 0.011371076043097839,
 0.012949237383275358,
 0.00914175703854836,
 0.014057613252632661,
 0.01004743130675756,
 0.007118089955834073,
 0.00622508942779576,
 0.00971207867111179,
 0.016559460613171373,
 0.02124202261342467,
 0.006735438557535334,
 0.011832096354166932,
 0.005899637515262457,
 0.01185850036896885,
 0.0036175473018735804,
 0.009295813022566435,
 0.00934304965325472,
 0.009461052088102884,
 0.010751706480368828,
 0.010085732827285643,
 0.0038372866228824076,
 0.012530474831158545,
 0.006398516594526837,
 0.017813502854567176,
 0.013639819604224002,
 0.005885582765758679,
 0.008374375892986397,
 0.00928114662030688,
 0.011007000367254216,
 0.010425705354757842,
 0.016456371325072494,
 0.01354849598643515,
 0.01089063030546078,
 0.014046866295596594,
 0.014895916432772216,
 0.009794052328964131,
 0.018146221215850078,
 0.020984346263545506,
 0.012927052987160348,
 0.011267549474476057,
 0.011083097241300521,
 0.01575522144955732,
 0.018230763960705554,
 0.014291489180307204,
 0.00820786007612151,
 0.01253621890262524,
 0.012535839187938658,
 0.011340917968750253,
 0.01374754815911583,
 0.014540311224148894,
 0.01019977660685667,
 0.006600889935802101,
 0.0126266645680706,
 0.008261526895413596,
 0.012689864914816162,
 0.010669970345409618,
 0.015239179294013638,
 0.014536812769478713,
 0.012886547285180239,
 0.012005924896501208,
 0.012171657091822885,
 0.009568978460775313,
 0.014660798665702579,
 0.01283555021367544,
 0.011154359631871058,
 0.018562510254502396,
 0.012222017847603572,
 0.006807846603980261,
 0.01630663779274255,
 0.015931038709554146,
 0.009070028593368473,
 0.012550025245851915,
 0.016103278102106433,
 0.012439995421245742,
 0.010078922824137582,
 0.022107509276747317,
 0.007865227638030658,
 0.008134558269421666,
 -0.001070264089209516,
 0.010693552720066668,
 0.013552834833352456,
 0.011308282776251621,
 0.010636158091041015,
 0.014748035191063602,
 0.0033529211023353156,
 0.0173639176072633,
 0.019741063201121456,
 0.01228984008893419,
 0.013498937396488664,
 0.016804499759138336,
 0.016308988727201434,
 0.008113007538251615,
 0.017059193101820025,
 0.010527617226853359,
 0.014955508449310928,
 0.0030907004182882947,
 0.01745305112279083,
 0.005690368734309947,
 0.014985104083607537,
 0.011857855366204983,
 0.006001377501621441,
 0.015882863116701174,
 0.010896113126239948,
 0.011134883894124314,
 0.018884904895451804,
 0.011272866646157897,
 0.015923162059294782,
 0.003660498643066834,
 0.010980178965304122,
 0.012461972310458647,
 0.009440285528273806,
 0.01499036572986956,
 0.012923573193299509,
 0.018009628441220338,
 0.0076058696891214694,
 0.008918734022054231,
 0.012065219116583537,
 0.0037806418841574985,
 0.017646516833691228,
 0.009727304341708543,
 0.01525924658024258,
 0.0071341808798839335,
 0.009518974406669711,
 0.005593689188415629,
 0.022128296464819952,
 0.011462240477621455,
 0.016032687385755695,
 0.002032786506028783,
 0.017743154581889575,
 0.018387046238266924,
 0.018956313315590556,
 0.0041807713770607435,
 0.01649173504988921,
 0.011057124255952289,
 0.015796148659283693,
 0.019383149598308114,
 0.009484407134748851,
 0.01884726018839289,
 0.01925287471859738,
 0.012295988283634651,
 0.018801754652682412,
 0.0117761026571086,
 0.03167087924011791,
 0.021981800477631985,
 0.013549036617695798,
 0.005715609737484639,
 0.02087580060475558,
 0.009864561870421173,
 0.017776794604978052,
 0.008734982653464396,
 0.024705273282471296,
 0.007095444079575186,
 0.010360327682094495,
 0.0068389225805005616,
 0.016571754095100255,
 0.011455493620093904,
 -0.00042077864790046604,
 0.012280114969665634,
 0.011404762858669315,
 0.0174973753839478,
 0.016207568240136805,
 0.010022967255760351,
 0.013309309597737018,
 0.005091037147531674,
 0.016454343109373326,
 0.018516187089819836,
 0.01985897362434552,
 0.01114577281984519,
 0.016359485577308375,
 0.015455877916571659,
 0.007885974523523354,
 0.012204997102506887,
 0.00858609352344697,
 0.014017559404570834,
 0.0024187622815552423,
 -0.0001414285475811461,
 0.011321396138583628,
 0.012079152358058565,
 0.010375019257002016,
 0.014603164825625736,
 0.015049917053603146,
 0.015099100167410784,
 0.007218780044408568,
 0.018798729914359047,
 0.008127834773733245,
 0.013400653426434816,
 0.008289609685019572,
 0.01211952333756594,
 0.00845425101627395,
 0.012908845879597841,
 0.018657732967986673,
 0.007464302228804343,
 0.01987310828277633,
 0.018671848794161727,
 0.016343707014556674,
 0.01574748268924009,
 0.008001153512286141,
 0.006913083552731791,
 0.009556179589724767,
 0.008781508808739291,
 0.017362247512686668,
 0.013106121818719618,
 0.016358972074056677,
 0.008050374766292778,
 0.01191578209659272,
 0.016372030938826,
 0.007686533395122375,
 0.012816345855750422,
 0.017383253050252012,
 0.005349140768086125,
 0.013022950828468272,
 0.019329846206311174,
 0.013869951326885177,
 0.009071713074252363,
 0.015241413011642946,
 0.014269378375226793,
 0.01096120972126835,
 0.02023519571791077,
 0.017319264394459744,
 0.019624338146065234,
 0.01769313920129334,
 0.011713814775823561,
 0.0159368005217555,
 0.008833313122424524,
 0.009673610634157725,
 0.011479181043075215,
 0.003354536126850327,
 0.011810700692536535,
 0.00859027414100666,
 0.008253854208792433,
 0.00855869593730918,
 0.00848920725541813,
 0.01911176831749306,
 0.008229365556318813,
 0.01775129392444308,
 0.027188768040769862,
 0.019136006002461015,
 0.008487436505551837,
 0.01708764523221884,
 0.013294035993303588,
 0.016671832486319316,
 0.01399620625143072,
 0.014857401902567569,
 0.01673499515892085,
 0.014583604481455792,
 0.010436885608743562,
 0.010928979700854491,
 0.016864226750896716,
 0.016119319780696584,
 0.018307223343063228,
 0.022362643801510984,
 0.01653448398389812,
 0.009667151132287888,
 0.009154004204346089,
 0.012748928702590812,
 0.01783269606370208,
 0.020708191976209545,
 0.012955320208511312,
 0.013534835319845229,
 0.013052973805708135,
 0.014594759949252412,
 0.007344223495688418,
 0.014484947165464446,
 0.0024077489417690945,
 0.01885802790417057,
 0.010800175995878902,
 0.006436810682806993,
 0.011184211285676149,
 0.018177434669280235,
 0.014884573770413523,
 0.009427757507249668,
 0.023563821179018785,
 0.009188629019989625,
 0.009661535719055259,
 0.00451957455806129,
 0.008024150307157862,
 0.01576387553913028,
 0.017257436362465572,
 0.011782390097966333,
 0.01610812305641396,
 0.009812865048363095,
 0.0152504091069523,
 0.010937716715792911,
 0.018701673928285256,
 0.014285071233020474,
 0.009875730275583638,
 0.013107396980944097,
 0.011719669321078596,
 0.01222467645479064,
 0.008557434275793918,
 0.008988565872062093,
 0.009796490813873682,
 0.01418540539863744,
 0.01652422572544654,
 0.01373348798553864,
 0.01967082367502293,
 0.007659379769535901,
 0.01330466049250223,
 0.017642338038480698,
 0.005517520532852371,
 0.011779610054658995,
 0.014786869765434085,
 0.010619836738781974,
 0.014271418040540329,
 0.014390494851286073,
 0.014439914670303367,
 0.0023093680841725917,
 0.007197412944043968,
 0.005422473636389702,
 0.009701190178094565,
 0.015048509341136551,
 0.009194058887076473,
 0.005905342357295451,
 0.018255660187251888,
 0.010175946335565511,
 0.01754293697296605,
 0.009717110114278116,
 0.012444429480024999,
 0.015890944916628458,
 0.017474520244295633,
 0.01751508037860572,
 0.013075555531707694,
 0.009071177276499753,
 0.012806138333237849,
 0.00997627555278946,
 0.008833726283482335,
 0.01604091594169721,
 0.014936540967685374,
 0.0036244219918539766,
 0.017172152706234733,
 0.01854714918870215,
 0.01257640623807621,
 0.012548697141616882,
 0.00925788779904968,
 0.014994223674545948,
 0.008678890741152356,
 0.012067191077151929,
 0.006801219093406363,
 0.009444142294337432,
 0.021037895311641464,
 0.013947507500095213,
 0.012309361351498627,
 0.014419638385702704,
 0.014155389589884493,
 0.014113774956597158,
 0.020949935790121277,
 0.014450586492026352,
 0.01826877539777949,
 0.015031714609537117,
 0.011190088844532431,
 0.010448373707455438,
 0.012765560372786977,
 0.01736331207312647,
 0.02379395884605806,
 0.00872351458762588,
 0.019512488910828685,
 0.006012092383528067,
 0.012147198103973356,
 0.010271412831959648,
 0.017884584144154614,
 0.0170310442792585,
 0.013951647934314027,
 0.009816051082170762,
 0.01086367718110881,
 0.00889449905563211,
 0.010501700637687073,
 0.016816212821696874,
 0.006218441172542777,
 0.02023583090086989,
 0.010940389683016472,
 0.023642100932921073,
 0.008789430365572448,
 0.01240088257238292,
 0.007094507017798124,
 0.01169106755332372,
 0.02316105012066938,
 0.012402172106322329,
 0.012392377148676026,
 0.010072536501571916,
 0.00951634549803515,
 0.015832236936240696,
 0.01244503908634731,
 0.01786965415806452,
 0.009107704052675025,
 0.007915964114010965,
 0.018449972098214085,
 0.01820282591357314,
 0.024582398683131057,
 0.013169003262362589,
 0.0097645258604242,
 0.011858073632097232,
 0.011525132652720371,
 0.01986945636828441,
 0.01962481309380726,
 0.01150025099683294,
 0.009701839431185189,
 0.015831475539434425,
 0.00576846651070273,
 0.01103926252241716,
 0.012591173509957976,
 0.019916090247540597,
 0.010809087277739549,
 0.007251445169414117,
 0.013430638307005527,
 0.014911121721974618,
 0.019226518143314886,
 0.006876213906536366,
 0.014352693476228806,
 0.013574434455738249,
 0.01698413008432542,
 0.016128645833333177,
 0.012699125267094047,
 0.008715817808493842,
 0.013781218699919773,
 0.008311901780944764,
 0.0155350463121946,
 0.016415445248111116,
 0.01780339429992739,
 0.015860653556494908,
 0.01516734912765183,
 0.017521550611931502,
 0.01971132306990886,
 0.010177916332799297,
 0.012228946492960135,
 0.00037277113619871294,
 0.012003657875894858,
 0.01654558793260197,
 0.011486141748326961,
 0.009785389301453895,
 0.009873442746489491,
 0.008273970674507858,
 0.015246486103956736,
 0.0027324179997523235,
 0.0016663051954555197,
 0.016428891285581004,
 0.017237172406152856,
 0.010935902443910406,
 0.012033941449175689,
 0.011828467094971096,
 0.013985773606818519,
 0.008871740320226529,
 0.01036370806385456,
 0.012936850806528621,
 0.014784183503129045,
 0.012473629354586402,
 0.010499127294146593,
 0.010822618093711878,
 0.008799974313222991,
 0.017676897082951726,
 0.00984772353848351,
 0.01008388542485572,
 0.007004412178533093,
 0.020090004423744645,
 0.009609634047245352,
 0.009127383568563907,
 0.017756086941487226,
 0.017526028568716656,
 0.00975401881104987,
 0.010767037378853761,
 0.023919403843769116,
 0.01975367889422941,
 0.004494955202132722,
 0.00963801637128503,
 0.01742461539653939,
 0.010860497408871517,
 0.01566061281383546,
 0.01150293976314476,
 0.015985170975942653,
 0.011550801041157799,
 0.018423338830223734,
 0.010949164937100964,
 0.0017621099711919719,
 0.01136115367921997,
 0.014613221511561303,
 0.005283763724339696,
 0.003607363828620924,
 0.011685252475389207,
 0.011230033708695686,
 0.015397867361587991,
 0.015795121062748052,
 0.025195064603365624,
 0.017847368384030338,
 0.006415093673687533,
 0.01151714350103017,
 0.013055118211882988,
 0.009404587637839468,
 0.009908748581062943,
 0.014697221387553139,
 0.019782665479052053,
 0.009152994493570654,
 0.008054519304963037,
 0.00255936003558066,
 0.014410350429735264,
 0.011989620699260906,
 0.006293489464095137,
 0.018638063759157664,
 0.007312156772264267,
 0.022436620896982618,
 0.013790590957436732,
 0.01123199792286722,
 0.013673399164854327,
 0.002731848944820925,
 0.006417248044728652,
 0.013282709179925689,
 0.011282883813741762,
 0.010753715289701704,
 0.01688384796627007,
 0.011122122240823318,
 0.019195867137419498,
 0.017607003527071674,
 0.012095179038048576,
 0.007947182992788626,
 0.013948015336443298,
 0.009741352711958307,
 0.01684004305698661,
 0.007953570832379242,
 0.016411889532166324,
 0.006289675981570486,
 0.010315420386904917,
 0.021210424476781897,
 0.004398140477144263,
 0.017238564262343603,
 0.0120717190957913,
 0.011846864268543644,
 0.007639295491834508,
 0.015605525745955529,
 0.004416559292486966,
 0.005676141171111926,
 0.009452280659220769,
 0.004044601660275315,
 -0.00034426385788721703,
 0.012720339567116934,
 0.014038468441373464,
 0.005974046033176972,
 0.01664131628462684,
 0.016469037662641295,
 0.006324895129826702,
 0.010434068497691573,
 0.009414696508369014,
 0.020751749465812264,
 0.012050792875743843,
 0.01499556880294195,
 0.010657345741281077,
 0.01522179081768904