0.054597412109375076,
 0.05943652343749983,
 0.06616455078125005,
 0.05752172851562487,
 0.056889892578125156,
 0.05642700195312478,
 0.056475341796874856,
 0.060691162109375085,
 0.05967260742187497,
 0.06408520507812487,
 0.06449682617187502,
 0.05519995117187482,
 0.05879052734375012,
 0.061759521484375135,
 0.05539160156249978,
 0.05895947265625012,
 0.05085327148437502,
 0.05876245117187473,
 0.05830273437500022,
 0.056227783203124826,
 0.04762963867187464,
 0.05477832031249985,
 0.06324682617187505,
 0.05662109374999991,
 0.06324511718750014,
 0.05848168945312482,
 0.05975952148437491,
 0.0663115234374998,
 0.05882104492187512,
 0.05813476562499997,
 0.051709716796875194,
 0.06139355468749996,
 0.05259814453124978,
 0.060417236328125234,
 0.061155761718750146,
 0.05378515625000002,
 0.06035034179687493,
 0.0627941894531252,
 0.06090014648437503,
 0.057687011718750014,
 0.05135083007812491,
 0.06284741210937472,
 0.061403564453125004,
 0.053132568359374854,
 0.062040039062499774,
 0.05234741210937499,
 0.052729003906250016,
 0.058730957031249864,
 0.05971899414062487,
 0.05035473632812493,
 0.05848901367187498,
 0.046539306640625,
 0.05914257812500012,
 0.0627255859375,
 0.06446289062499999,
 0.05322631835937486,
 0.048378173828124815,
 0.05788745117187477,
 0.052155517578124755,
 0.054390869140624964,
 0.05873632812499996,
 0.051531249999999806,
 0.04949658203125007,
 0.06754516601562499,
 0.06522875976562492,
 0.06063500976562497,
 0.05777050781250015,
 0.06406665039062487,
 0.06013647460937488,
 0.0616591796874999,
 0.05901733398437492,
 0.05414770507812472,
 0.0554531250000001,
 0.05302832031249993,
 0.056396484375,
 0.0627697753906249,
 0.06614306640625012,
 0.05439355468750007,
 0.04961865234375007,
 0.05726171874999997,
 0.052895507812499964,
 0.06419775390624993,
 0.05629101562499983,
 0.06113012695312503,
 0.06217749023437502,
 0.055916992187500014,
 0.06117602539062483,
 0.05619995117187493,
 0.06320458984374988,
 0.057342529296875,
 0.058149902343749726,
 0.0541823730468749,
 0.060019775390625085,
 0.06649096679687494,
 0.06338964843749983,
 0.0619970703124999,
 0.05227221679687477,
 0.0628188476562499,
 0.05132739257812502,
 0.054281494140624886,
 0.07165405273437497,
 0.05825048828125001,
 0.05183032226562512,
 0.05724682617187482,
 0.04362915039062498,
 0.048659912109374925,
 0.051860839843749895,
 0.059979492187500094,
 0.06259179687500005,
 0.054536376953124854,
 0.05723388671875007,
 0.05645507812499995,
 0.06042846679687486,
 0.06470874023437512,
 0.05057934570312517,
 0.0614465332031251,
 0.05140502929687485,
 0.07102221679687504,
 0.05742065429687493,
 0.05625683593749997,
 0.06116943359374982,
 0.06263330078124985,
 0.050758544921874815,
 0.05887451171875013,
 0.05431127929687474,
 0.058561035156249774,
 0.06350952148437483,
 0.06937890624999987,
 0.04598925781249985,
 0.06519165039062491,
 0.05428271484374991,
 0.05796289062499982,
 0.059574951171874835,
 0.06974023437499977,
 0.0623911132812498,
 0.054659179687500004,
 0.049535644531250034,
 0.06394189453124999,
 0.05682666015624993,
 0.0603479003906251,
 0.06330444335937502,
 0.04929541015624994,
 0.051409912109374734,
 0.050253662109374986,
 0.060528564453125044,
 0.06176367187500009,
 0.050854736328125094,
 0.05957373046875025,
 0.05554907226562511,
 0.05598046875000007,
 0.05151635742187488,
 0.06148168945312493,
 0.06009814453124984,
 0.045183593749999806,
 0.06202709960937525,
 0.06270190429687506,
 0.05403320312499993,
 0.05613476562499997,
 0.059577880859374766,
 0.06937646484374982,
 0.04943212890624982,
 0.06070849609374984,
 0.057757568359374956,
 0.0622084960937499,
 0.05406713867187496,
 0.07024511718749982,
 0.05772924804687496,
 0.05375244140625002,
 0.05410522460937495,
 0.0642412109374999,
 0.05455493164062508,
 0.06700048828125005,
 0.06094775390625018,
 0.057145263671875224,
 0.05845605468750015,
 0.05988867187500002,
 0.06159106445312523,
 0.04738061523437498,
 0.05629272460937518,
 0.059104003906249813,
 0.06231420898437512,
 0.06565624999999975,
 0.05878100585937518,
 0.05494824218750005,
 0.052407226562499964,
 0.05241259765625017,
 0.04788452148437505,
 0.05985815429687524,
 0.053604248046875025,
 0.06265991210937472,
 0.05801660156249988,
 0.05956958007812485,
 0.05535986328124998,
 0.056123535156250126,
 0.057476806640625044,
 0.055784667968749924,
 0.05476098632812487,
 0.05316674804687471,
 0.06407104492187488,
 0.04687866210937508,
 0.06089379882812507,
 0.0579228515625001,
 0.06104541015625009,
 0.05971069335937518,
 0.05577197265624978,
 0.06582714843749993,
 0.05867578124999984,
 0.06443603515624985,
 0.06302343750000006,
 0.06100390624999985,
 0.05772802734374993,
 0.05608544921875014,
 0.05818261718749995,
 0.05257739257812499,
 0.061342529296875004,
 0.06300097656250014,
 0.05841137695312493,
 0.05571118164062483,
 0.059186523437500194,
 0.06270288085937503,
 0.05492456054687511,
 0.057587890624999805,
 0.056205078125000085,
 0.05827563476562503,
 0.062200683593750083,
 0.05331347656249985,
 0.05188281250000015,
 0.051626953124999986,
 0.05605737304687497,
 0.0541960449218748,
 0.060104736328125075,
 0.05917382812500005,
 0.06209130859375023,
 0.06287499999999979,
 0.0629448242187498,
 0.06339379882812501,
 0.05978833007812501,
 0.05905883789062494,
 0.04952539062499972,
 0.06118383789062509,
 0.06624682617187494,
 0.05934863281249991,
 0.05448461914062497,
 0.06028222656249982,
 0.05087255859374995,
 0.05254272460937459,
 0.056665283203124917,
 0.05582348632812506,
 0.058564697265624854,
 0.05607421875000007,
 0.062291503906249934,
 0.05214379882812481,
 0.056619384765625114,
 0.058740966796874794,
 0.060077148437500005,
 0.05879052734375012,
 0.06351196289062466,
 0.05975952148437491,
 0.05606689453124991,
 0.054773681640624905,
 0.05445703125000012,
 0.0649970703124998,
 0.05264575195312515,
 0.05807910156249996,
 0.06295434570312497,
 0.06361450195312512,
 0.06157250976562523,
 0.05718652343749997,
 0.05663110351562506,
 0.05629687499999991,
 0.0582124023437498,
 0.06872778320312478,
 0.05814184570312486,
 0.05652514648437501,
 0.05817651367187504,
 0.053933837890625114,
 0.06314331054687505,
 0.05858984374999987,
 0.05954931640624972,
 0.05957104492187515,
 0.06534033203125,
 0.0633698730468748,
 0.05176562500000026,
 0.048903808593749654,
 0.06114013671874985,
 0.06224438476562488,
 0.05474829101562517,
 0.055997802734375046,
 0.06844433593749999,
 0.05768164062499981,
 0.05796459960937517,
 0.05770166015624989,
 0.05007617187500002,
 0.06229272460937518,
 0.04999877929687502,
 0.048962890625000144,
 0.06008618164062485,
 0.05084594726562508,
 0.06383081054687478,
 0.05234863281250002,
 0.0617502441406248,
 0.055673095703125064,
 0.05274462890625009,
 0.05818750000000006,
 0.0601669921875001,
 0.05994653320312482,
 0.05908227539062483,
 0.06632910156250005,
 0.05765429687500001,
 0.0502770996093751,
 0.05589550781250008,
 0.060775878906250136,
 0.05846093750000003,
 0.045974121093749876,
 0.058869873046874854,
 0.049450683593750044,
 0.06388745117187478,
 0.060470947265625075,
 0.056540527343750036,
 0.0515126953124998,
 0.06654785156249976,
 0.06390087890625007,
 0.0540134277343749,
 0.05090942382812491,
 0.05635961914062482,
 0.06406030273437491,
 0.0707976074218748,
 0.05234838867187519,
 0.0624760742187499,
 0.06900341796874976,
 0.05798632812499993,
 0.06256616210937516,
 0.05598828124999988,
 0.04631176757812505,
 0.058015380859374854,
 0.061626708984374945,
 0.060096923828124815,
 0.06169653320312474,
 0.06043969726562515,
 0.055444824218749744,
 0.06047265624999998,
 0.05452221679687508,
 0.05768457031250018,
 0.06234399414062497,
 0.059544189453124785,
 0.05806445312500008,
 0.0635676269531249,
 0.05714233398437485,
 0.06610546875000001,
 0.058211914062499925,
 0.052434814453125256,
 0.04984619140625002,
 0.04838671874999978,
 0.05609204101562515,
 0.05234204101562501,
 0.06095971679687473,
 0.05903417968750002,
 0.0538640136718751,
 0.07042260742187478,
 0.04966918945312493,
 0.05409765624999996,
 0.05695727539062467,
 0.06272241210937501,
 0.06936230468749982,
 0.053203613281249895,
 0.060681396484375094,
 0.0622407226562498,
 0.060157958984374815,
 0.06457983398437506,
 0.06061718749999978,
 0.05397583007812501,
 0.053299316406250075,
 0.060040283203125044,
 0.05581372070312485,
 0.05572949218750001,
 0.056614501953124785,
 0.059520751953124895,
 0.06576440429687502,
 0.065981201171875,
 0.058069335937499744,
 0.058784667968749815,
 0.05971362304687511,
 0.06160473632812491,
 0.053032470703125,
 0.05894287109375007,
 0.05865551757812493,
 0.05629760742187484,
 0.056458496093749755,
 0.04535375976562461,
 0.05946948242187511,
 0.06614965820312502,
 0.05566796874999991,
 0.04565209960937522,
 0.06262646484375001,
 0.06283129882812521,
 0.051053955078125046,
 0.05590869140624988,
 0.06612280273437476,
 0.0588161621093749,
 0.05949804687499993,
 0.0662204589843749,
 0.0545354003906251,
 0.054726806640625014,
 0.05981518554687504,
 0.06176831054687493,
 0.06912744140625016,
 0.05904785156249992,
 0.05730224609374979,
 0.055954589843750124,
 0.050312744140625254,
 0.065309814453125,
 0.060287597656250025,
 0.06078686523437482,
 0.05840747070312502,
 0.060541992187500115,
 0.062365722656249956,
 0.06236791992187496,
 0.06725000000000003,
 0.06113793945312507,
 0.05980688476562479,
 0.05925390624999993,
 0.05707812499999987,
 0.06611669921875007,
 0.05938476562499995,
 0.05140283203125007,
 0.05992675781250001,
 0.052447509765624956,
 0.055572509765625,
 0.058395751953125075,
 0.05512060546874986,
 0.05872534179687472,
 0.05942211914062501,
 0.055244628906249815,
 0.055655273437499986,
 0.05585961914062487,
 0.05885449218749983,
 0.0652646484374999,
 0.06795239257812491,
 0.06227685546875006,
 0.06133789062499995,
 0.06348095703124979,
 0.05231420898437489,
 0.0557856445312499,
 0.05343530273437502,
 0.06097729492187476,
 0.05703002929687506,
 0.06000146484374991,
 0.05598876953124998,
 0.057697021484375055,
 0.06341943359374991,
 0.05691552734375005,
 0.050826416015624876,
 0.055438232421874956,
 0.06454272460937482,
 0.057449218749999975,
 0.05980737304687489,
 0.05352783203125,
 0.06561523437500005,
 0.05838745117187516,
 0.051312011718749995,
 0.05335400390624989,
 0.054845703125000034,
 0.05792822265624986,
 0.05907226562500001,
 0.057754394531249975,
 0.062324951171874865,
 0.059416259765624924,
 0.062050292968749865,
 0.05047241210937514,
 0.05535400390625034,
 0.050352539062500146,
 0.05158715820312487,
 0.053304931640624886,
 0.055811279296875016,
 0.05410009765625001,
 0.051380126953125105,
 0.05242553710937492,
 0.05653881835937513,
 0.061433349609374854,
 0.059808593749999917,
 0.058262695312499835,
 0.059083740234375126,
 0.05609155273437483,
 0.0588068847656249,
 0.05343652343749983,
 0.05824633789062483,
 0.05935717773437488,
 0.05982299804687474,
 0.06192358398437503,
 0.05609204101562493,
 0.06559838867187517,
 0.05617553710937484,
 0.06496362304687509,
 0.05628833007812517,
 0.06668481445312491,
 0.05153466796874984,
 0.054025390625000114,
 0.06951391601562484,
 0.06244262695312486,
 0.06386547851562474,
 0.05968286132812484,
 0.06468383789062515,
 0.06473852539062519,
 0.056825927734375226,
 0.06437915039062525,
 0.05810205078124997,
 0.05842797851562498,
 0.05840356445312489,
 0.06258227539062489,
 0.05651611328124995,
 0.060589843750000094,
 0.05480932617187517,
 0.05983837890625021,
 0.05111743164062488,
 0.05906274414062507,
 0.05173730468750004,
 0.04270068359375001,
 0.05913183593749993,
 0.0581975097656251,
 0.05932543945312507,
 0.05789111328124985,
 0.0615534667968749,
 0.05710473632812474,
 0.054637939453124895,
 0.06142871093750024,
 0.05674340820312507,
 0.05599365234375009,
 0.06104882812500012,
 0.05995776367187511,
 0.052947021484375245,
 0.05800585937499991,
 0.04717382812499982,
 0.051138671874999986,
 0.05533666992187514,
 0.04785815429687501,
 0.06055029296874981,
 0.060958740234374975,
 0.05467138671875027,
 0.05938745117187483,
 0.06202148437499999,
 0.057513916015625055,
 0.0651254882812502,
 0.05525659179687459,
 0.06105493164062503,
 0.05382885742187482,
 0.055229003906250185,
 0.04721411132812481,
 0.055181396484375034,
 0.05431152343750001,
 0.05362939453124982,
 0.05997705078125004,
 0.05473168945312501,
 0.060213378906250004,
 0.04768749999999988,
 0.05857250976562489,
 0.05804516601562515,
 0.059187744140625,
 0.055464599609375,
 0.059160888671874856,
 0.06302368164062488,
 0.06607446289062491,
 0.048476806640624925,
 0.06058129882812491,
 0.05565600585937491,
 0.05736181640624993,
 0.054393798828124895,
 0.056007812499999865,
 0.06423046875000038,
 0.05470800781250018,
 0.05795751953125006,
 0.06940087890625013,
 0.05566455078124988,
 0.05657348632812487,
 0.047907714843750115,
 0.06093017578124993,
 0.062098144531249844,
 0.054773437499999966,
 0.06506396484374966,
 0.05320019531250009,
 0.05534619140625008,
 0.05943530273437503,
 0.05563745117187491,
 0.05581787109375003,
 0.05273559570312503,
 0.05848217773437492,
 0.06660766601562518,
 0.06658374023437474,
 0.04547753906250018,
 0.060439697265624925,
 0.055428710937500014,
 0.054537109375000004,
 0.06422338867187483,
 0.05454125976562474,
 0.06261523437500016,
 0.05351782226562518,
 0.049426269531249956,
 0.06108520507812476,
 0.06188476562499989,
 0.055200439453124917,
 0.06252905273437492,
 0.05339941406249982,
 0.043617919921874915,
 0.05843041992187481,
 0.06625415039062488,
 0.0600253906249999,
 0.05180761718749993,
 0.06822338867187505,
 0.05089306640624991,
 0.05134350585937497,
 0.05142529296874976,
 0.059201904296874774,
 0.055317382812500204,
 0.05243212890624971,
 0.05580908203125001,
 0.06184252929687495,
 0.060881103515625146,
 0.054366943359374975,
 0.063549560546875,
 0.053033691406249917,
 0.05225073242187506,
 0.06208422851562512,
 0.06683813476562506,
 0.06372509765625001,
 0.05430737304687505,
 0.056848632812499966,
 0.057907958984375174,
 0.05654418945312489,
 0.06656860351562499,
 0.055756347656249705,
 0.05699731445312484,
 0.05667773437500001,
 0.047004150390624666,
 0.06282568359375018,
 0.06151611328125006,
 0.0585026855468751,
 0.05726831054687498,
 0.061690673828124876,
 0.06473681640625006,
 0.05481958007812504,
 0.06311962890624989,
 0.05980981445312494,
 0.05906860351562537,
 0.057228271484374815,
 0.055406982421874806,
 0.04861767578124976,
 0.061135009765624915,
 0.06892358398437493,
 0.05488818359375003,
 0.06574047851562503,
 0.052978515625,
 0.04909594726562494,
 0.05591699218749979,
 0.05495874023437497,
 0.05539819335937479,
 0.05620654296874994,
 0.05674462890624987,
 0.05638281249999966,
 0.054153808593750075,
 0.059473632812499844,
 0.05507373046875008,
 0.050898193359375066,
 0.058226074218750146,
 0.05602539062499989,
 0.055283691406250224,
 0.06299291992187483,
 0.05042187500000006,
 0.05347729492187492,
 0.05718432617187519,
 0.0658601074218752,
 0.06170019531250004,
 0.05338330078125009,
 0.058588623046874844,
 0.059990234375000284,
 0.06465771484374994,
 0.05931103515625025,
 0.06480957031250023,
 0.060629150390624886,
 0.058924072265625016,
 0.05456469726562507,
 0.057975341796875135,
 0.0535314941406253,
 0.055983886718749876,
 0.05285009765624982,
 0.045960937499999854,
 0.06068872070312503,
 0.0494543457031249,
 0.05396557617187514,
 0.05693945312500004,
 0.0650581054687498,
 0.05483251953124979,
 0.06192724609375011,
 0.06408569335937475,
 0.06762988281249993,
 0.05471386718749982,
 0.05782128906249984,
 0.05719384765624991,
 0.06366601562499996,
 0.048957519531249716,
 0.057678466796874606,
 0.06542211914062479,
 0.05526391601562497,
 0.057649169921874854,
 0.07340454101562499,
 0.058961914062499954,
 0.061171874999999654,
 0.0576940917968749,
 0.061169433593750044,
 0.05428466796874998,
 0.06784716796874979,
 0.05878198242187471,
 0.052294189453124806,
 0.049020019531250014,
 0.06354663085937506,
 0.06139160156249979,
 0.05942944335937517,
 0.062257324218750076,
 0.054978271484375174,
 0.05601098632812507,
 0.05141040039062483,
 0.058279296874999886,
 0.061504394531249895,
 0.058422119140624895,
 0.05063110351562505,
 0.053235107421875094,
 0.054492919921875105,
 0.052947998046875,
 0.06663867187499983,
 0.06038378906250008,
 0.06244726562500014,
 0.04598657226562519,
 0.05540405273437532,
 0.05704687499999972,
 0.06283178710937487,
 0.05343164062499994,
 0.057299804687499956,
 0.05185009765624993,
 0.05845971679687523,
 0.058126953124999936,
 0.061460205078124996,
 0.05398852539062493,
 0.05296435546875,
 0.05943066406249997,
 0.04703247070312466,
 0.06067456054687481,
 0.05566748046875003,
 0.05174731445312508,
 0.06142504882812494,
 0.057798583984375096,
 0.05774487304687481,
 0.05610913085937508,
 0.05807861328124986,
 0.06330786132812483,
 0.05799511718749972,
 0.058279785156249986,
 0.05924072265625002,
 0.056251708984374815,
 0.05429199218750003,
 0.060507812499999813,
 0.060992187499999906,
 0.05727441406250011,
 0.06048291015625007,
 0.0559958496093752,
 0.056143310546874936,
 0.05347436523437521,
 0.06399658203125003,
 0.05455786132812479,
 0.06884741210937495,
 0.058917724609375055,
 0.04887939453124979,
 0.06160839843749999,
 0.050091308593749995,
 0.06182226562499982,
 0.05265478515625022,
 0.059802246093749956,
 0.05950634765625007,
 0.061118164062500036,
 0.06768432617187492,
 0.061593505859375064,
 0.05154907226562511,
 0.051766357421874964,
 0.057965332031250094,
 0.06360888671875009,
 0.058618408203124917,
 0.06513330078124979,
 0.059877685546875004,
 0.05703369140624992,
 0.05295141601562503,
 0.06418701171874996,
 0.05780249023437478,
 0.05477880859374995,
 0.05350659179687489,
 0.05282934570312503,
 0.06052636718750004,
 0.04595996093749988,
 0.05600366210937491,
 0.057015136718749915,
 0.05904858398437485,
 0.05833618164062515,
 0.06181909179687506,
 0.05750488281250021,
 0.06366601562500018,
 0.0686062011718751,
 0.06590771484375013,
 0.05841674804687513,
 0.06683447265624998,
 0.05963159179687505,
 0.057242675781250085,
 0.052271484374999844,
 0.06499829101562504,
 0.04979833984375004,
 0.053400390624999794,
 0.05958276367187487,
 0.05612499999999998,
 0.05367675781250014,
 0.058798339843749714,
 0.06300878906249996,
 0.05738012695312511,
 0.05846044921874993,
 0.048052734374999906,
 0.05640014648437486,
 0.04740502929687507,
 0.059395507812500026,
 0.060382080078124956,
 0.06426733398437512,
 0.06469384765624975,
 0.058592285156250146,
 0.0597985839843751,
 0.056442626953125075,
 0.05263330078124984,
 0.05460522460937489,
 0.056018554687500055,
 0.06121850585937483,
 0.05108984374999981,
 0.06648339843749995,
 0.0577246093749999,
 0.05141113281249976,
 0.06574047851562503,
 0.057491699218749526,
 0.061088134765625135,
 0.05718945312500012,
 0.06608032226562499,
 0.06098754882812507,
 0.06835546875000009,
 0.06856494140624991,
 0.059301025390624984,
 0.057970703124999856,
 0.05881787109375014,
 0.05036108398437489,
 0.060931152343749906,
 0.06019067382812526,
 0.05896777343750004,
 0.06580981445312517,
 0.058812011718749835,
 0.055682373046874956,
 0.05711230468749995,
 0.05343188476562477,
 0.06543530273437526,
 0.052309082031249954,
 0.051301757812500126,
 0.06252270507812518,
 0.06523657226562496,
 0.058157958984375036,
 0.05755859374999983,
 0.06096240234375028,
 0.05502685546874986,
 0.05727661132812489,
 0.05995678710937491,
 0.06173730468750005,
 0.05699609375000003,
 0.0678723144531248,
 0.06623242187500034,
 0.04547436523437476,
 0.05384545898437487,
 0.06252124023437511,
 0.06317602539062506,
 0.06149731445312501,
 0.052573974609375185,
 0.06001391601562478,
 0.050444335937500195,
 0.06069970703125005,
 0.04967163085937498,
 0.05477514648437509,
 0.06723999023437477,
 0.0647082519531249,
 0.05460742187500012,
 0.05164575195312504,
 0.05674169921874972,
 0.059836669921875085,
 0.05470190429687505,
 0.04879858398437498,
 0.05840722656250019,
 0.05980859375000014,
 0.06298413085937504,
 0.05878930664062487,
 0.05325024414062507,
 0.060643798828124984,
 0.0680227050781248,
 0.05463378906250016,
 0.05639013671875004,
 0.05877124023437519,
 0.05542968750000021,
 0.06099145507812498,
 0.042623779296874886,
 0.06334423828125013,
 0.06638256835937506,
 0.06813940429687504,
 0.05604199218750017,
 0.06974267578124982,
 0.06421655273437499,
 0.055249267578125094,
 0.05794555664062484,
 0.06553466796875007,
 0.05838818359375031,
 0.058603027343750114,
 0.06354418945312501,
 0.06166357421875013,
 0.058659179687499785,
 0.04613964843749985,
 0.05659667968749993,
 0.0581894531249999,
 0.05454199218750011,
 0.054567138671874904,
 0.05391503906249984,
 0.05905078124999985,
 0.06946386718749986,
 0.058419677734375064,
 0.06022167968749992,
 0.04875390624999998,
 0.057525634765625,
 0.056231689453124956,
 0.05580468749999978,
 0.041386962890624934,
 0.046659667968750096,
 0.043695556640624966,
 0.06288330078124993,
 0.062185791015624936,
 0.06376049804687511,
 0.06474877929687506,
 0.0561796874999998,
 0.05355419921874982,
 0.05738281249999999,
 0.05314453124999985,
 0.05993676757812483,
 0.06284643554687497,
 0.06271557617187495,
 0.05152026367187501,
 0.05536572265624984,
 0.05383789062500011,
 0.06773266601562455,
 0.0586369628906247,
 0.05999365234375009,
 0.05388867187500024,
 0.06356982421875013,
 0.06198510742187502,
 0.05797241210937498,
 0.06020849609375012,
 0.0593898925781251,
 0.061904052734374826,
 0.05684790039062504,
 0.05173779296874992,
 0.057882812499999936,
 0.05654663085937495,
 0.0579538574218752,
 0.0578303222656249,
 0.06632812499999985,
 0.060528076171874945,
 0.06252197265625004,
 0.058381591796874854,
 0.05084936523437511,
 0.059954833984374956,
 0.06365185546875018,
 0.05854565429687497,
 0.06876513671875029,
 0.06490209960937499,
 0.05290624999999993,
 0.06328417968750011,
 0.050901123046874774,
 0.05684082031249993,
 0.052948974609374755,
 0.05929809570312483,
 0.06013745117187508,
 0.057540039062499826,
 0.06163403320312488,
 0.05818969726562506,
 0.06717236328124976,
 0.051243896484374885,
 0.055686035156249813,
 0.06893603515625002,
 0.043007080078124815,
 0.057450439453125224,
 0.0650759277343751,
 0.056009033203125114,
 0.056970458984374694,
 0.05812280273437498,
 0.051281738281250044,
 0.057116455078124906,
 0.06102148437499988,
 0.06160424804687503,
 0.056116455078124794,
 0.05797998046874997